150
     1	    0.0930	0.00830078
     2	    1.1870	0.00634766
     3	    2.2810	0.00512695
     4	    3.3900	0.00878906
     5	    4.4840	0.00634766
     6	    5.5780	0.00537109
     7	    6.6870	0.00708008
     8	    7.7810	0.00732422
     9	    8.8900	0.00585938
    10	    9.9840	0.00683594
    11	   11.0780	0.00659180
    12	   12.1870	0.00781250
    13	   13.2810	0.00390625
    14	   14.3900	0.00683594
    15	   15.4840	0.00756836
    16	   16.5780	0.00659180
    17	   17.6870	0.00683594
    18	   18.7810	0.00756836
    19	   19.8900	0.00708008
    20	   20.9840	0.00634766
    21	   22.0780	0.00732422
    22	   23.1870	0.00585938
    23	   24.2810	0.00683594
    24	   25.3900	0.00708008
    25	   26.4840	0.00512695
    26	   27.5780	0.00610352
    27	   28.6870	0.00659180
    28	   29.7810	0.00830078
    29	   30.8900	0.00585938
    30	   31.9840	0.00561523
    31	   33.0780	0.00585938
    32	   34.1870	0.00732422
    33	   35.2810	0.00683594
    34	   36.3900	0.00488281
    35	   37.4840	0.00561523
    36	   38.5780	0.00537109
    37	   39.6870	0.00561523
    38	   40.7810	0.00585938
    39	   41.8900	0.00732422
    40	   42.9840	0.00659180
    41	   44.0780	0.00585938
    42	   45.1870	0.00805664
    43	   46.2810	0.00561523
    44	   47.3900	0.00756836
    45	   48.4840	0.00537109
    46	   49.5780	0.00439453
    47	   50.6870	0.00463867
    48	   51.7810	0.00561523
    49	   52.8900	0.00561523
    50	   53.9840	0.00805664
    51	   55.0780	0.00512695
    52	   56.1870	0.00683594
    53	   57.2810	0.00561523
    54	   58.3900	0.00708008
    55	   59.4840	0.00756836
    56	   60.5780	0.00732422
    57	   61.6870	0.00439453
    58	   62.7810	0.00390625
    59	   63.8900	0.00683594
    60	   64.9840	0.00585938
    61	   66.0780	0.00683594
    62	   67.1870	0.00561523
    63	   68.2810	0.00585938
    64	   69.3900	0.00415039
    65	   70.4840	0.00659180
    66	   71.5930	0.00634766
    67	   72.6870	0.00732422
    68	   73.7810	0.00781250
    69	   74.8900	0.00512695
    70	   75.9840	0.00537109
    71	   77.0930	0.00708008
    72	   78.1870	0.00561523
    73	   79.2810	0.00732422
    74	   80.3900	0.00732422
    75	   81.4840	0.00756836
    76	   82.5930	0.00756836
    77	   83.6870	0.00756836
    78	   84.7810	0.00341797
    79	   85.8900	0.00805664
    80	   86.9840	0.00610352
    81	   88.0930	0.00512695
    82	   89.1870	0.00585938
    83	   90.2810	0.00708008
    84	   91.3900	0.00561523
    85	   92.4840	0.00683594
    86	   93.5930	0.00634766
    87	   94.6870	0.00634766
    88	   95.7810	0.00585938
    89	   96.8900	0.00659180
    90	   97.9840	0.00463867
    91	   99.0780	0.00708008
    92	  100.1870	0.00708008
    93	  101.2810	0.00585938
    94	  102.3900	0.00878906
    95	  103.4840	0.00708008
    96	  104.5780	0.00585938
    97	  105.6870	0.00610352
    98	  106.7810	0.00634766
    99	  107.8900	0.00732422
   100	  108.9840	0.00732422
   101	  110.0780	0.00512695
   102	  111.1870	0.00683594
   103	  112.2810	0.00830078
   104	  113.3900	0.00512695
   105	  114.4840	0.00781250
   106	  115.5780	0.00683594
   107	  116.6870	0.00781250
   108	  117.7810	0.00659180
   109	  118.8900	0.00781250
   110	  119.9840	0.00610352
   111	  121.0780	0.00756836
300
     1	    0.1090	0.00146484
     2	    1.1870	0.00048828
     3	    2.2810	0.00097656
     4	    3.3750	0.00073242
     5	    4.4840	0.00170898
     6	    5.5780	0.00048828
     7	    6.6870	0.00097656
     8	    7.7810	0.00000000
     9	    8.8750	0.00146484
    10	    9.9840	-0.00097656
    11	   11.0780	0.00146484
    12	   12.1870	-0.00073242
    13	   13.2810	-0.00219727
    14	   14.3750	0.00097656
    15	   15.4840	-0.00048828
    16	   16.5780	0.00000000
    17	   17.6870	-0.00024414
    18	   18.7810	0.00024414
    19	   19.8750	0.00244141
    20	   20.9840	0.00073242
    21	   22.0780	0.00097656
    22	   23.1870	-0.00122070
    23	   24.2810	0.00024414
    24	   25.3750	0.00341797
    25	   26.4840	0.00146484
    26	   27.5780	-0.00048828
    27	   28.6870	0.00219727
    28	   29.7810	-0.00024414
    29	   30.8750	0.00073242
    30	   31.9840	0.00122070
    31	   33.0780	0.00097656
    32	   34.1870	0.00146484
    33	   35.2810	0.00195312
    34	   36.3750	0.00146484
    35	   37.4840	0.00097656
    36	   38.5780	-0.00024414
    37	   39.6870	-0.00048828
    38	   40.7810	-0.00024414
    39	   41.8750	0.00097656
    40	   42.9840	0.00146484
    41	   44.0780	-0.00122070
    42	   45.1870	0.00097656
    43	   46.2810	0.00073242
    44	   47.3750	0.00195312
    45	   48.4840	0.00146484
    46	   49.5780	0.00073242
    47	   50.6870	0.00024414
    48	   51.7810	0.00048828
    49	   52.8750	-0.00073242
    50	   53.9840	0.00390625
    51	   55.0780	-0.00146484
    52	   56.1870	0.00122070
    53	   57.2810	0.00097656
    54	   58.3750	-0.00122070
    55	   59.4840	0.00000000
    56	   60.5780	0.00097656
    57	   61.6870	0.00097656
    58	   62.7810	0.00219727
    59	   63.8900	0.00292969
    60	   64.9840	0.00122070
    61	   66.0780	-0.00073242
    62	   67.1870	0.00073242
    63	   68.2810	0.00122070
    64	   69.3900	0.00048828
    65	   70.4840	0.00097656
    66	   71.5780	-0.00073242
    67	   72.6870	0.00097656
    68	   73.7810	0.00292969
    69	   74.8900	0.00097656
    70	   75.9840	0.00024414
    71	   77.0780	0.00048828
    72	   78.1870	-0.00024414
    73	   79.2810	0.00024414
    74	   80.3900	0.00146484
    75	   81.4840	-0.00170898
    76	   82.5780	-0.00073242
    77	   83.6870	0.00195312
    78	   84.7810	0.00048828
    79	   85.8750	0.00195312
    80	   86.9840	0.00000000
    81	   88.0780	0.00024414
    82	   89.1870	0.00073242
    83	   90.2810	0.00122070
    84	   91.3750	0.00219727
    85	   92.4840	0.00000000
    86	   93.5780	0.00024414
    87	   94.6870	-0.00024414
    88	   95.7810	0.00000000
    89	   96.8750	0.00097656
    90	   97.9840	0.00073242
    91	   99.0780	0.00170898
    92	  100.1870	0.00000000
    93	  101.2810	0.00122070
    94	  102.3750	0.00024414
    95	  103.4840	0.00146484
    96	  104.5780	0.00122070
    97	  105.6870	0.00170898
    98	  106.7810	0.00097656
    99	  107.8750	0.00024414
   100	  108.9840	0.00097656
   101	  110.0780	0.00195312
   102	  111.1870	0.00000000
   103	  112.2810	0.00170898
   104	  113.3750	0.00195312
   105	  114.4840	0.00000000
   106	  115.5780	0.00146484
   107	  116.6870	-0.00024414
   108	  117.7810	0.00097656
   109	  118.8750	0.00073242
   110	  119.9840	0.00073242
   111	  121.0780	0.00024414
400
     1	    0.1090	0.00170898
     2	    1.2030	0.00292969
     3	    2.3120	0.00268555
     4	    3.4060	0.00195312
     5	    4.5000	0.00146484
     6	    5.6090	0.00195312
     7	    6.7030	0.00195312
     8	    7.8120	0.00415039
     9	    8.9060	0.00244141
    10	   10.0000	0.00244141
    11	   11.1090	0.00170898
    12	   12.2030	0.00122070
    13	   13.3120	0.00146484
    14	   14.4060	0.00195312
    15	   15.5000	0.00463867
    16	   16.6090	0.00195312
    17	   17.7030	0.00219727
    18	   18.8120	0.00341797
    19	   19.9060	0.00097656
    20	   21.0000	0.00463867
    21	   22.1090	0.00244141
    22	   23.2030	0.00292969
    23	   24.3120	0.00146484
    24	   25.4060	0.00268555
    25	   26.5000	0.00317383
    26	   27.6090	0.00219727
    27	   28.7030	0.00170898
    28	   29.8120	0.00195312
    29	   30.9060	0.00366211
    30	   32.0150	0.00292969
    31	   33.1090	0.00122070
    32	   34.2030	0.00024414
    33	   35.3120	0.00048828
    34	   36.4060	0.00146484
    35	   37.5150	0.00122070
    36	   38.6090	0.00170898
    37	   39.7030	0.00268555
    38	   40.8120	0.00244141
    39	   41.9060	0.00268555
    40	   43.0150	0.00488281
    41	   44.1090	0.00122070
    42	   45.2030	0.00146484
    43	   46.3120	0.00341797
    44	   47.4060	0.00244141
    45	   48.5150	0.00292969
    46	   49.6090	0.00244141
    47	   50.7030	0.00170898
    48	   51.8120	0.00122070
    49	   52.9060	0.00268555
    50	   54.0000	0.00195312
    51	   55.1090	0.00170898
    52	   56.2030	0.00292969
    53	   57.3120	0.00317383
    54	   58.4060	0.00170898
    55	   59.5000	0.00195312
    56	   60.6090	0.00366211
    57	   61.7030	0.00170898
    58	   62.8120	0.00268555
    59	   63.9060	0.00268555
    60	   65.0000	0.00366211
    61	   66.1090	0.00390625
    62	   67.2030	0.00390625
    63	   68.3120	0.00170898
    64	   69.4060	0.00463867
    65	   70.5000	0.00292969
    66	   71.6090	0.00219727
    67	   72.7030	0.00415039
    68	   73.8120	0.00244141
    69	   74.9060	0.00366211
    70	   76.0000	0.00341797
    71	   77.3590	0.00195312
    72	   78.4530	0.00219727
    73	   79.5620	0.00292969
    74	   80.6560	0.00073242
    75	   81.7500	0.00048828
    76	   82.8590	0.00195312
    77	   83.9530	0.00317383
    78	   85.0620	0.00439453
    79	   86.1560	0.00317383
    80	   87.2500	0.00219727
    81	   88.3590	0.00341797
    82	   89.4530	0.00170898
    83	   90.5620	0.00195312
    84	   91.6560	0.00292969
    85	   92.7500	0.00170898
    86	   93.8590	0.00048828
    87	   94.9530	0.00292969
    88	   96.0620	0.00024414
    89	   97.1560	0.00146484
    90	   98.2500	0.00317383
    91	   99.3590	0.00366211
    92	  100.4530	0.00146484
    93	  101.5620	0.00366211
    94	  102.6560	0.00537109
    95	  103.7500	0.00146484
    96	  104.8590	0.00439453
    97	  105.9530	0.00341797
    98	  107.0620	0.00366211
    99	  108.1560	0.00219727
   100	  109.2500	0.00268555
   101	  110.3590	0.00537109
   102	  111.4530	0.00341797
   103	  112.5620	0.00292969
   104	  113.6560	0.00390625
   105	  114.7500	0.00146484
   106	  115.8590	0.00244141
   107	  116.9530	0.00122070
   108	  118.0620	0.00341797
   109	  119.1560	0.00317383
   110	  120.2500	0.00439453
450
     1	    0.1090	0.01074219
     2	    1.1870	0.01147461
     3	    2.2810	0.01196289
     4	    3.3750	0.01171875
     5	    4.4840	0.01245117
     6	    5.5780	0.01147461
     7	    6.6870	0.01318359
     8	    7.7810	0.01269531
     9	    8.8750	0.01220703
    10	    9.9840	0.01293945
    11	   11.0780	0.01318359
    12	   12.1870	0.01416016
    13	   13.2810	0.01220703
    14	   14.3750	0.01293945
    15	   15.4840	0.01464844
    16	   16.5780	0.01098633
    17	   17.6870	0.01245117
    18	   18.7810	0.01416016
    19	   19.8750	0.01245117
    20	   20.9840	0.01196289
    21	   22.0780	0.01147461
    22	   23.1720	0.01416016
    23	   24.2810	0.01098633
    24	   25.3750	0.01269531
    25	   26.4840	0.01245117
    26	   27.5780	0.01367188
    27	   28.6720	0.01318359
    28	   29.7810	0.01220703
    29	   30.8750	0.01293945
    30	   31.9840	0.01220703
    31	   33.0780	0.01147461
    32	   34.1720	0.01196289
    33	   35.2810	0.01391602
    34	   36.3750	0.01196289
    35	   37.4840	0.01367188
    36	   38.5780	0.01318359
    37	   39.7030	0.01464844
    38	   40.7810	0.01098633
    39	   41.8750	0.01513672
    40	   42.9840	0.01318359
    41	   44.0780	0.01367188
    42	   45.1720	0.01342773
    43	   46.2810	0.01464844
    44	   47.3750	0.01220703
    45	   48.4840	0.01440430
    46	   49.5780	0.01147461
    47	   50.6720	0.01391602
    48	   51.7810	0.01464844
    49	   52.8750	0.01367188
    50	   53.9840	0.01464844
    51	   55.0780	0.01367188
    52	   56.1720	0.01489258
    53	   57.2810	0.01245117
    54	   58.3750	0.01196289
    55	   59.4840	0.01391602
    56	   60.5780	0.01367188
    57	   61.6720	0.01562500
    58	   62.7810	0.01489258
    59	   63.8750	0.01342773
    60	   64.9840	0.01489258
    61	   66.0780	0.01416016
    62	   67.1720	0.01440430
    63	   68.2810	0.01342773
    64	   69.3750	0.01245117
    65	   70.4840	0.01318359
    66	   71.5780	0.01391602
    67	   72.6720	0.01440430
    68	   73.7810	0.01440430
    69	   74.8750	0.01416016
    70	   75.9840	0.01489258
    71	   77.0780	0.01538086
    72	   78.1720	0.01660156
    73	   79.2810	0.01586914
    74	   80.3750	0.01513672
    75	   81.4840	0.01391602
    76	   82.5780	0.01293945
    77	   83.6720	0.01342773
    78	   84.7810	0.01440430
    79	   85.8750	0.01513672
    80	   86.9840	0.01440430
    81	   88.0780	0.01318359
    82	   89.1720	0.01489258
    83	   90.2810	0.01513672
    84	   91.3750	0.01538086
    85	   92.4840	0.01513672
    86	   93.5780	0.01562500
    87	   94.6870	0.01318359
    88	   95.7810	0.01440430
    89	   96.8750	0.01416016
    90	   97.9840	0.01562500
    91	   99.0780	0.01538086
    92	  100.1720	0.01367188
    93	  101.2810	0.01562500
    94	  102.3750	0.01586914
    95	  103.4840	0.01538086
    96	  104.5780	0.01342773
    97	  105.6870	0.01562500
    98	  106.7810	0.01318359
    99	  107.8750	0.01464844
   100	  108.9840	0.01562500
   101	  110.0780	0.01440430
   102	  111.1870	0.01464844
   103	  112.2810	0.01489258
   104	  113.3750	0.01220703
   105	  114.4840	0.01416016
   106	  115.5780	0.01318359
   107	  116.6870	0.01293945
   108	  117.7810	0.01464844
   109	  118.8750	0.01391602
   110	  119.9840	0.01538086
   111	  121.0780	0.01489258
500
     1	    0.1100	0.03637695
     2	    1.2190	0.03833008
     3	    2.3130	0.03833008
     4	    3.4220	0.03784180
     5	    4.5160	0.03833008
     6	    5.6250	0.03881836
     7	    6.7190	0.03906250
     8	    7.8130	0.04125977
     9	    8.9220	0.03881836
    10	   10.0160	0.04174805
    11	   11.1250	0.04052734
    12	   12.2190	0.04003906
    13	   13.3130	0.04052734
    14	   14.4220	0.04248047
    15	   15.5160	0.04003906
    16	   16.6250	0.04077148
    17	   17.7190	0.04199219
    18	   18.8130	0.03930664
    19	   19.9220	0.04150391
    20	   21.0160	0.04223633
    21	   22.1250	0.04296875
    22	   23.2190	0.04125977
    23	   24.3130	0.04443359
    24	   25.4220	0.04101562
    25	   26.5160	0.04345703
    26	   27.6250	0.04199219
    27	   28.7190	0.04174805
    28	   29.8130	0.04101562
    29	   30.9220	0.04150391
    30	   32.0160	0.04150391
    31	   33.1250	0.04296875
    32	   34.2190	0.04272461
    33	   35.3130	0.04467773
    34	   36.4220	0.04467773
    35	   37.5160	0.04296875
    36	   38.6250	0.04443359
    37	   39.7190	0.04272461
    38	   40.8130	0.04345703
    39	   41.9220	0.04370117
    40	   43.0160	0.04345703
    41	   44.1250	0.04418945
    42	   45.2190	0.04321289
    43	   46.3130	0.04711914
    44	   47.4220	0.04467773
    45	   48.5160	0.04394531
    46	   49.6250	0.04370117
    47	   50.7190	0.04443359
    48	   51.8130	0.04565430
    49	   52.9220	0.04516602
    50	   54.0160	0.04418945
    51	   55.1250	0.04296875
    52	   56.2190	0.04492188
    53	   57.3130	0.04541016
    54	   58.4220	0.04492188
    55	   59.5160	0.04541016
    56	   60.6250	0.04541016
    57	   61.7190	0.04394531
    58	   62.8130	0.04394531
    59	   63.9220	0.04467773
    60	   65.0160	0.04565430
    61	   66.1250	0.04663086
    62	   67.2190	0.04345703
    63	   68.3280	0.04321289
    64	   69.4220	0.04370117
    65	   70.5160	0.04370117
    66	   71.6250	0.04394531
    67	   72.7190	0.04663086
    68	   73.8280	0.04443359
    69	   74.9220	0.04565430
    70	   76.0160	0.04516602
    71	   77.1250	0.04516602
    72	   78.2190	0.04687500
    73	   79.3280	0.04443359
    74	   80.4220	0.04516602
    75	   81.5160	0.04711914
    76	   82.6250	0.04663086
    77	   83.7190	0.04760742
    78	   84.8130	0.04638672
    79	   85.9220	0.04638672
    80	   87.0160	0.04785156
    81	   88.1250	0.04882812
    82	   89.2190	0.04638672
    83	   90.3130	0.04858398
    84	   91.4220	0.04760742
    85	   92.5160	0.04516602
    86	   93.6250	0.04736328
    87	   94.7190	0.04589844
    88	   95.8130	0.04760742
    89	   96.9220	0.04882812
    90	   98.0160	0.04833984
    91	   99.1250	0.04785156
    92	  100.2190	0.04858398
    93	  101.3130	0.04809570
    94	  102.4220	0.04931641
    95	  103.5160	0.04882812
    96	  104.6250	0.04907227
    97	  105.7190	0.04931641
    98	  106.8130	0.04785156
    99	  107.9220	0.04760742
   100	  109.0160	0.04760742
   101	  110.1250	0.04663086
   102	  111.2190	0.04760742
   103	  112.3130	0.04736328
   104	  113.4220	0.04833984
   105	  114.5160	0.04687500
   106	  115.6250	0.04858398
   107	  116.7190	0.04711914
   108	  117.8130	0.04736328
   109	  118.9220	0.04711914
   110	  120.0160	0.04711914
550
     1	    0.1100	0.10351562
     2	    1.2190	0.10253906
     3	    2.3130	0.10400391
     4	    3.4070	0.10522461
     5	    4.5160	0.10668945
     6	    5.6100	0.10449219
     7	    6.7190	0.10693359
     8	    7.8130	0.10595703
     9	    8.9070	0.10839844
    10	   10.0160	0.10498047
    11	   11.1100	0.10815430
    12	   12.2190	0.10717773
    13	   13.3130	0.10839844
    14	   14.4070	0.10864258
    15	   15.5160	0.10815430
    16	   16.6100	0.10913086
    17	   17.7190	0.10693359
    18	   18.8130	0.10839844
    19	   19.9070	0.10913086
    20	   21.0160	0.10937500
    21	   22.1100	0.10913086
    22	   23.2190	0.11059570
    23	   24.3130	0.11010742
    24	   25.4220	0.11181641
    25	   26.5160	0.11230469
    26	   27.6100	0.11669922
    27	   28.7190	0.11791992
    28	   29.8130	0.11499023
    29	   30.9220	0.11645508
    30	   32.0160	0.11547852
    31	   33.1100	0.11450195
    32	   34.2190	0.11816406
    33	   35.3130	0.11767578
    34	   36.4220	0.12084961
    35	   37.5160	0.12011719
    36	   38.6100	0.11914062
    37	   39.7190	0.11865234
    38	   40.8130	0.11889648
    39	   41.9220	0.11889648
    40	   43.0160	0.11499023
    41	   44.1100	0.11743164
    42	   45.2190	0.11718750
    43	   46.3130	0.11865234
    44	   47.4070	0.11840820
    45	   48.5160	0.11474609
    46	   49.6100	0.11621094
    47	   50.7190	0.11401367
    48	   51.8130	0.11376953
    49	   52.9070	0.11645508
    50	   54.0160	0.11425781
    51	   55.1100	0.11376953
    52	   56.2190	0.11474609
    53	   57.3130	0.11499023
    54	   58.4070	0.11621094
    55	   59.5160	0.11547852
    56	   60.6100	0.11669922
    57	   61.7190	0.11547852
    58	   62.8130	0.11328125
    59	   63.9070	0.11425781
    60	   65.0160	0.11401367
    61	   66.1100	0.11254883
    62	   67.2190	0.11352539
    63	   68.3130	0.11450195
    64	   69.4070	0.11376953
    65	   70.5160	0.11572266
    66	   71.6100	0.11499023
    67	   72.7190	0.11376953
    68	   73.8130	0.11743164
    69	   74.9070	0.11645508
    70	   76.0160	0.11499023
    71	   77.1100	0.11694336
    72	   78.2190	0.11596680
    73	   79.3130	0.11572266
    74	   80.4070	0.11694336
    75	   81.5160	0.11718750
    76	   82.6100	0.11914062
    77	   83.7190	0.11694336
    78	   84.8130	0.11840820
    79	   85.9070	0.11889648
    80	   87.0160	0.11938477
    81	   88.1100	0.11914062
    82	   89.2190	0.12011719
    83	   90.3130	0.11743164
    84	   91.4070	0.11962891
    85	   92.5160	0.11889648
    86	   93.6100	0.11962891
    87	   94.7190	0.12084961
    88	   95.8130	0.12060547
    89	   96.9070	0.12109375
    90	   98.0160	0.12109375
    91	   99.1100	0.12426758
    92	  100.2190	0.12329102
    93	  101.3130	0.12353516
    94	  102.4070	0.12084961
    95	  103.5160	0.11987305
    96	  104.6100	0.12084961
    97	  105.7190	0.11938477
    98	  106.8130	0.12255859
    99	  107.9070	0.12207031
   100	  109.0160	0.12426758
   101	  110.1100	0.12231445
   102	  111.2190	0.12182617
   103	  112.3130	0.12255859
   104	  113.4070	0.12158203
   105	  114.5160	0.12231445
   106	  115.6100	0.12231445
   107	  116.7190	0.12280273
   108	  117.8130	0.12109375
   109	  118.9070	0.12036133
   110	  120.0160	0.12011719
600
     1	    0.1090	0.21582031
     2	    1.2030	0.21801758
     3	    2.3120	0.22021484
     4	    3.4060	0.22094727
     5	    4.5150	0.22192383
     6	    5.6090	0.22387695
     7	    6.7030	0.22778320
     8	    7.8120	0.22729492
     9	    8.9060	0.22802734
    10	   10.0150	0.22924805
    11	   11.1090	0.22705078
    12	   12.2030	0.23095703
    13	   13.3120	0.23437500
    14	   14.4060	0.23364258
    15	   15.5150	0.23461914
    16	   16.6090	0.23730469
    17	   17.7030	0.23828125
    18	   18.8120	0.24023438
    19	   19.9060	0.23925781
    20	   21.0150	0.23876953
    21	   22.1090	0.24096680
    22	   23.2030	0.24291992
    23	   24.3120	0.24365234
    24	   25.4060	0.24072266
    25	   26.5150	0.24340820
    26	   27.6090	0.24121094
    27	   28.7030	0.24536133
    28	   29.8120	0.24414062
    29	   30.9060	0.24609375
    30	   32.0150	0.24755859
    31	   33.1090	0.24731445
    32	   34.2030	0.24853516
    33	   35.3120	0.24926758
    34	   36.4060	0.25146484
    35	   37.5150	0.25097656
    36	   38.6090	0.25000000
    37	   39.7030	0.24902344
    38	   40.8120	0.24536133
    39	   41.9060	0.24414062
    40	   43.0150	0.24682617
    41	   44.1090	0.24682617
    42	   45.2030	0.24829102
    43	   46.3120	0.24926758
    44	   47.4060	0.25170898
    45	   48.5150	0.25048828
    46	   49.6090	0.25244141
    47	   50.7030	0.25268555
    48	   51.8120	0.25097656
    49	   52.9060	0.24780273
    50	   54.0150	0.24804688
    51	   55.1090	0.24926758
    52	   56.2030	0.25146484
    53	   57.3120	0.24951172
    54	   58.4060	0.25317383
    55	   59.5150	0.25366211
    56	   60.6090	0.25341797
    57	   61.7030	0.25244141
    58	   62.8120	0.25537109
    59	   63.9060	0.26123047
    60	   65.0150	0.26245117
    61	   66.1090	0.26098633
    62	   67.2030	0.26220703
    63	   68.3120	0.25976562
    64	   69.4060	0.25292969
    65	   70.5150	0.25561523
    66	   71.6090	0.25390625
    67	   72.7030	0.25659180
    68	   73.8120	0.25903320
    69	   74.9060	0.25830078
    70	   76.0150	0.25805664
    71	   77.1090	0.25512695
    72	   78.2030	0.25488281
    73	   79.3120	0.25561523
    74	   80.4060	0.25659180
    75	   81.5150	0.26220703
    76	   82.6090	0.26293945
    77	   83.7180	0.26708984
    78	   84.8120	0.26782227
    79	   85.9060	0.27001953
    80	   87.0150	0.26684570
    81	   88.1090	0.26977539
    82	   89.2180	0.26782227
    83	   90.3120	0.26464844
    84	   91.4060	0.26635742
    85	   92.5150	0.26611328
    86	   93.6090	0.26611328
    87	   94.7180	0.26489258
    88	   95.8120	0.26562500
    89	   96.9060	0.26538086
    90	   98.0150	0.26538086
    91	   99.1090	0.26489258
    92	  100.2180	0.26416016
    93	  101.3120	0.26684570
    94	  102.4060	0.26440430
    95	  103.5150	0.26318359
    96	  104.6090	0.26391602
    97	  105.7180	0.26464844
    98	  106.8120	0.26293945
    99	  107.9060	0.26489258
   100	  109.0150	0.26293945
   101	  110.1090	0.26489258
   102	  111.2030	0.26416016
   103	  112.3120	0.26684570
   104	  113.4060	0.26757812
   105	  114.5150	0.26367188
   106	  115.6090	0.26538086
   107	  116.7030	0.26538086
   108	  117.8120	0.26708984
   109	  118.9060	0.26757812
   110	  120.0150	0.26538086
650
     1	    0.1090	0.44628906
     2	    1.2030	0.45336914
     3	    2.2970	0.45678711
     4	    3.4060	0.44873047
     5	    4.5000	0.44897461
     6	    5.5940	0.44995117
     7	    6.7030	0.45288086
     8	    7.7970	0.45654297
     9	    8.9060	0.45703125
    10	   10.0000	0.45654297
    11	   11.0940	0.46142578
    12	   12.2030	0.46069336
    13	   13.2970	0.46362305
    14	   14.4060	0.46289062
    15	   15.5000	0.46606445
    16	   16.5940	0.46801758
    17	   17.7030	0.47314453
    18	   18.7970	0.47265625
    19	   19.9060	0.47167969
    20	   21.0000	0.47631836
    21	   22.0940	0.47753906
    22	   23.2030	0.48437500
    23	   24.2970	0.48583984
    24	   25.4060	0.48535156
    25	   26.5000	0.48852539
    26	   27.6870	0.49194336
    27	   28.7500	0.48852539
    28	   29.8440	0.48706055
    29	   30.9530	0.48486328
    30	   32.0470	0.48608398
    31	   33.1560	0.49536133
    32	   34.2500	0.49511719
    33	   35.3440	0.49438477
    34	   36.4530	0.49340820
    35	   37.5470	0.49511719
    36	   38.6560	0.49340820
    37	   39.7500	0.49218750
    38	   40.8440	0.49414062
    39	   41.9530	0.49511719
    40	   43.0470	0.49633789
    41	   44.1560	0.49707031
    42	   45.2500	0.50097656
    43	   46.3590	0.50170898
    44	   47.4530	0.50488281
    45	   48.5470	0.50659180
    46	   49.6560	0.51074219
    47	   50.7500	0.51025391
    48	   51.8590	0.50488281
    49	   52.9530	0.50756836
    50	   54.0470	0.50732422
    51	   55.1560	0.50610352
    52	   56.2500	0.50805664
    53	   57.3590	0.50366211
    54	   58.4530	0.50512695
    55	   59.5470	0.50756836
    56	   60.6560	0.50610352
    57	   61.7500	0.50537109
    58	   62.8590	0.50756836
    59	   63.9530	0.50634766
    60	   65.0470	0.50830078
    61	   66.1560	0.51025391
    62	   67.2500	0.51074219
    63	   68.3590	0.51196289
    64	   69.4530	0.51123047
    65	   70.5470	0.51196289
    66	   71.6560	0.51074219
    67	   72.7500	0.51049805
    68	   73.8440	0.51367188
    69	   74.9530	0.51489258
    70	   76.0470	0.51367188
    71	   77.1560	0.51367188
    72	   78.2500	0.51611328
    73	   79.3440	0.51733398
    74	   80.4530	0.51684570
    75	   81.5470	0.51660156
    76	   82.6560	0.51635742
    77	   83.7500	0.51831055
    78	   84.8440	0.51855469
    79	   85.9530	0.51904297
    80	   87.0470	0.51513672
    81	   88.1560	0.51708984
    82	   89.2500	0.52221680
    83	   90.3440	0.52148438
    84	   91.4530	0.52099609
    85	   92.5470	0.51904297
    86	   93.6560	0.51660156
    87	   94.7500	0.51831055
    88	   95.8440	0.51928711
    89	   96.9530	0.51928711
    90	   98.0470	0.51953125
    91	   99.1560	0.52221680
    92	  100.2500	0.52270508
    93	  101.3440	0.52563477
    94	  102.4530	0.52856445
    95	  103.5470	0.52612305
    96	  104.6560	0.52294922
    97	  105.7500	0.52563477
    98	  106.8440	0.52026367
    99	  107.9530	0.52050781
   100	  109.0470	0.51928711
   101	  110.1560	0.52001953
   102	  111.2500	0.51928711
   103	  112.3440	0.52294922
   104	  113.4530	0.52001953
   105	  114.5470	0.52441406
   106	  115.6560	0.52587891
   107	  116.7500	0.52661133
   108	  117.8440	0.52661133
   109	  118.9530	0.52685547
   110	  120.0470	0.52563477
700
     1	    0.1100	0.77148438
     2	    1.2190	0.77416992
     3	    2.3130	0.77880859
     4	    3.4070	0.78076172
     5	    4.5160	0.78417969
     6	    5.6100	0.79028320
     7	    6.7190	0.79125977
     8	    7.8130	0.79272461
     9	    8.9070	0.79565430
    10	   10.0160	0.79858398
    11	   11.1100	0.80053711
    12	   12.2190	0.80468750
    13	   13.3130	0.80981445
    14	   14.4220	0.81127930
    15	   15.5160	0.81274414
    16	   16.6100	0.81445312
    17	   17.7190	0.81713867
    18	   18.8130	0.82202148
    19	   19.9220	0.82592773
    20	   21.0160	0.82739258
    21	   22.1100	0.83178711
    22	   23.2190	0.83569336
    23	   24.3130	0.83886719
    24	   25.4220	0.84228516
    25	   26.5160	0.84741211
    26	   27.6100	0.84814453
    27	   28.7190	0.84277344
    28	   29.8130	0.84521484
    29	   30.9220	0.84960938
    30	   32.0160	0.85473633
    31	   33.1100	0.85937500
    32	   34.2190	0.85400391
    33	   35.3130	0.85400391
    34	   36.4070	0.85351562
    35	   37.5160	0.85327148
    36	   38.6100	0.85009766
    37	   39.7190	0.85473633
    38	   40.8130	0.85644531
    39	   41.9070	0.85717773
    40	   43.0160	0.85742188
    41	   44.1100	0.85717773
    42	   45.2190	0.85888672
    43	   46.3130	0.86010742
    44	   47.4070	0.86254883
    45	   48.5160	0.86352539
    46	   49.6100	0.86523438
    47	   50.7190	0.86816406
    48	   51.8130	0.87060547
    49	   52.9070	0.86767578
    50	   54.0160	0.86889648
    51	   55.1100	0.87011719
    52	   56.2190	0.87304688
    53	   57.3130	0.87036133
    54	   58.4070	0.87109375
    55	   59.5160	0.87402344
    56	   60.6100	0.87353516
    57	   61.7190	0.87548828
    58	   62.8130	0.87036133
    59	   63.9070	0.87304688
    60	   65.0160	0.87573242
    61	   66.1100	0.87451172
    62	   67.2190	0.87915039
    63	   68.3130	0.87719727
    64	   69.4070	0.88159180
    65	   70.5160	0.88232422
    66	   71.6100	0.88525391
    67	   72.7190	0.88354492
    68	   73.8130	0.88452148
    69	   74.9070	0.89208984
    70	   76.0160	0.89160156
    71	   77.1100	0.88818359
    72	   78.2190	0.89306641
    73	   79.3130	0.89233398
    74	   80.4070	0.89526367
    75	   81.5160	0.89990234
    76	   82.6100	0.90356445
    77	   83.7190	0.90332031
    78	   84.8130	0.90283203
    79	   85.9070	0.89843750
    80	   87.0160	0.89892578
    81	   88.1100	0.90161133
    82	   89.2190	0.90722656
    83	   90.3130	0.90502930
    84	   91.4070	0.90991211
    85	   92.5160	0.90893555
    86	   93.6100	0.91455078
    87	   94.7190	0.91210938
    88	   95.8130	0.91552734
    89	   96.9070	0.91528320
    90	   98.0160	0.91406250
    91	   99.1100	0.92724609
    92	  100.2190	0.93090820
    93	  101.3130	0.93164062
    94	  102.4070	0.92797852
    95	  103.5160	0.92407227
    96	  104.6100	0.91918945
    97	  105.7190	0.92260742
    98	  106.8130	0.92163086
    99	  107.9070	0.92089844
   100	  109.0160	0.91796875
   101	  110.1100	0.91772461
   102	  111.2190	0.91674805
   103	  112.3130	0.91943359
   104	  113.4070	0.91479492
   105	  114.5160	0.90869141
   106	  115.6100	0.91674805
   107	  116.7190	0.91552734
   108	  117.8130	0.91406250
   109	  118.9220	0.91723633
   110	  120.0160	0.91479492
750
     1	    0.1250	1.46582031
     2	    1.2660	1.46826172
     3	    2.3590	1.46923828
     4	    3.4530	1.47558594
     5	    4.5620	1.48291016
     6	    5.6560	1.49096680
     7	    6.7660	1.48486328
     8	    7.8590	1.48876953
     9	    8.9530	1.48754883
    10	   10.0620	1.49072266
    11	   11.1560	1.48315430
    12	   12.2660	1.48681641
    13	   13.3590	1.48266602
    14	   14.4530	1.48754883
    15	   15.5620	1.48876953
    16	   16.6560	1.48583984
    17	   17.7660	1.48413086
    18	   18.8590	1.48071289
    19	   19.9530	1.48852539
    20	   21.0620	1.48315430
    21	   22.1560	1.48535156
    22	   23.2660	1.48730469
    23	   24.3590	1.48730469
    24	   25.4530	1.49511719
    25	   26.5620	1.50122070
    26	   27.6560	1.50073242
    27	   28.7660	1.49755859
    28	   29.8590	1.50390625
    29	   30.9530	1.50634766
    30	   32.0620	1.50976562
    31	   33.1560	1.50830078
    32	   34.2660	1.50830078
    33	   35.3590	1.50561523
    34	   36.4530	1.50610352
    35	   37.5620	1.49511719
    36	   38.6560	1.49462891
    37	   39.7660	1.49609375
    38	   40.8590	1.49926758
    39	   41.9530	1.49804688
    40	   43.0620	1.49438477
    41	   44.1560	1.50048828
    42	   45.2660	1.50024414
    43	   46.3590	1.49633789
    44	   47.4530	1.49658203
    45	   48.5620	1.49682617
    46	   49.6560	1.50195312
    47	   50.7660	1.49853516
    48	   51.8590	1.49389648
    49	   52.9530	1.49511719
    50	   54.0620	1.49511719
    51	   55.1560	1.49389648
    52	   56.2660	1.49926758
    53	   57.3590	1.49121094
    54	   58.4530	1.49829102
    55	   59.5620	1.49731445
    56	   60.6560	1.49731445
    57	   61.7660	1.50048828
    58	   62.8590	1.49975586
    59	   63.9530	1.50512695
    60	   65.0620	1.50927734
    61	   66.1560	1.50903320
    62	   67.2660	1.51049805
    63	   68.3590	1.51196289
    64	   69.4530	1.51782227
    65	   70.5620	1.52148438
    66	   71.6560	1.51977539
    67	   72.7660	1.51855469
    68	   73.8590	1.51757812
    69	   74.9530	1.51733398
    70	   76.0620	1.51733398
    71	   77.1560	1.51416016
    72	   78.2660	1.51806641
    73	   79.3590	1.52465820
    74	   80.4530	1.52294922
    75	   81.5620	1.51757812
    76	   82.6560	1.51879883
    77	   83.7660	1.51318359
    78	   84.8590	1.51391602
    79	   85.9530	1.51220703
    80	   87.0620	1.51293945
    81	   88.1560	1.52612305
    82	   89.2660	1.52612305
    83	   90.3590	1.52075195
    84	   91.4530	1.51269531
    85	   92.5620	1.51513672
    86	   93.6560	1.51513672
    87	   94.7660	1.51855469
    88	   95.8590	1.51171875
    89	   96.9530	1.51025391
    90	   98.0620	1.51123047
    91	   99.1560	1.50927734
    92	  100.2660	1.50952148
    93	  101.3590	1.50512695
    94	  102.4530	1.50537109
    95	  103.5620	1.50512695
    96	  104.6560	1.50634766
    97	  105.7660	1.50610352
    98	  106.8590	1.50024414
    99	  107.9530	1.49609375
   100	  109.0620	1.49487305
   101	  110.1560	1.49902344
   102	  111.2660	1.49780273
   103	  112.3590	1.49853516
   104	  113.4530	1.50292969
   105	  114.5620	1.50146484
   106	  115.6560	1.50292969
   107	  116.7660	1.50366211
   108	  117.8590	1.50415039
   109	  118.9530	1.50854492
   110	  120.0620	1.51074219
800
     1	    0.1100	1.78588867
     2	    1.2040	1.78564453
     3	    2.2970	1.78979492
     4	    3.3910	1.79541016
     5	    4.5000	1.79882812
     6	    5.5940	1.80395508
     7	    6.7040	1.80566406
     8	    7.7970	1.80786133
     9	    8.8910	1.81054688
    10	   10.0000	1.82031250
    11	   11.0940	1.82446289
    12	   12.2040	1.82666016
    13	   13.2970	1.82714844
    14	   14.3910	1.83129883
    15	   15.5000	1.83520508
    16	   16.5940	1.83740234
    17	   17.7040	1.83764648
    18	   18.7970	1.84057617
    19	   19.8910	1.84301758
    20	   21.0000	1.84497070
    21	   22.0940	1.84326172
    22	   23.2040	1.84790039
    23	   24.2970	1.85107422
    24	   25.3910	1.85839844
    25	   26.5000	1.86108398
    26	   27.5940	1.86987305
    27	   28.7040	1.87304688
    28	   29.7970	1.87255859
    29	   30.8910	1.87255859
    30	   32.0000	1.87207031
    31	   33.0940	1.87182617
    32	   34.2040	1.86987305
    33	   35.2970	1.87255859
    34	   36.3910	1.87573242
    35	   37.5000	1.87451172
    36	   38.5940	1.87646484
    37	   39.7040	1.88378906
    38	   40.7970	1.88110352
    39	   41.8910	1.87597656
    40	   43.0000	1.87915039
    41	   44.0940	1.88891602
    42	   45.2040	1.88208008
    43	   46.2970	1.88281250
    44	   47.3910	1.88452148
    45	   48.5000	1.88305664
    46	   49.5940	1.88549805
    47	   50.7040	1.88940430
    48	   51.7970	1.88793945
    49	   52.8910	1.88769531
    50	   54.0000	1.89062500
    51	   55.0940	1.88940430
    52	   56.2040	1.89013672
    53	   57.2970	1.89257812
    54	   58.3910	1.89111328
    55	   59.5000	1.89501953
    56	   60.5940	1.89331055
    57	   61.7040	1.89428711
    58	   62.7970	1.89428711
    59	   63.8910	1.89477539
    60	   65.0000	1.89550781
    61	   66.0940	1.89819336
    62	   67.2040	1.89916992
    63	   68.2970	1.90356445
    64	   69.3910	1.90698242
    65	   70.5000	1.90258789
    66	   71.5940	1.90307617
    67	   72.7040	1.90380859
    68	   73.7970	1.90478516
    69	   74.8910	1.90625000
    70	   76.0000	1.90869141
    71	   77.0940	1.90893555
    72	   78.2040	1.90356445
    73	   79.2970	1.90576172
    74	   80.3910	1.91040039
    75	   81.5000	1.90673828
    76	   82.5940	1.90405273
    77	   83.7040	1.90258789
    78	   84.7970	1.90356445
    79	   85.8910	1.90356445
    80	   87.0000	1.90771484
    81	   88.0940	1.90869141
    82	   89.2040	1.91357422
    83	   90.2970	1.91601562
    84	   91.3910	1.91748047
    85	   92.5000	1.92016602
    86	   93.5940	1.92382812
    87	   94.7040	1.92333984
    88	   95.7970	1.92041016
    89	   96.8910	1.91772461
    90	   98.0000	1.91601562
    91	   99.0940	1.91503906
    92	  100.2040	1.91674805
    93	  101.2970	1.91479492
    94	  102.3910	1.92041016
    95	  103.5000	1.92358398
    96	  104.5940	1.92578125
    97	  105.7040	1.92138672
    98	  106.7970	1.92138672
    99	  107.8910	1.92211914
   100	  109.0000	1.92382812
   101	  110.0940	1.92529297
   102	  111.2040	1.92285156
   103	  112.2970	1.92651367
   104	  113.3910	1.92114258
   105	  114.5000	1.91821289
   106	  115.5940	1.92187500
   107	  116.7040	1.91943359
   108	  117.7970	1.91894531
   109	  118.8910	1.92089844
   110	  120.0000	1.91943359
825
     1	    0.0940	1.99829102
     2	    1.2030	1.99389648
     3	    2.3130	2.00561523
     4	    3.4060	2.00708008
     5	    4.5000	2.00976562
     6	    5.6090	2.01098633
     7	    6.7030	2.01196289
     8	    7.8130	2.01196289
     9	    8.9060	2.00927734
    10	   10.0000	2.00976562
    11	   11.1090	2.01025391
    12	   12.2030	2.01147461
    13	   13.3130	2.01538086
    14	   14.4060	2.01196289
    15	   15.5000	2.01464844
    16	   16.6090	2.01513672
    17	   17.7030	2.01562500
    18	   18.8130	2.01757812
    19	   19.9060	2.02124023
    20	   21.0000	2.02148438
    21	   22.1090	2.02563477
    22	   23.2030	2.02734375
    23	   24.3130	2.02807617
    24	   25.4060	2.02856445
    25	   26.5000	2.03051758
    26	   27.6090	2.03295898
    27	   28.7030	2.03320312
    28	   29.8130	2.03637695
    29	   30.9060	2.03466797
    30	   32.0000	2.03173828
    31	   33.1090	2.03173828
    32	   34.2030	2.03393555
    33	   35.3130	2.03344727
    34	   36.4060	2.03637695
    35	   37.5000	2.03759766
    36	   38.6090	2.03369141
    37	   39.7030	2.03881836
    38	   40.8130	2.02661133
    39	   41.9060	2.03906250
    40	   43.0000	2.04272461
    41	   44.1090	2.04516602
    42	   45.2030	2.03613281
    43	   46.3130	2.04028320
    44	   47.4060	2.04101562
    45	   48.5000	2.03955078
    46	   49.6090	2.03784180
    47	   50.7030	2.03979492
    48	   51.8130	2.04150391
    49	   52.9060	2.04296875
    50	   54.0000	2.04516602
    51	   55.1090	2.04418945
    52	   56.2030	2.04101562
    53	   57.3130	2.04296875
    54	   58.4060	2.04614258
    55	   59.5000	2.04394531
    56	   60.6090	2.03393555
    57	   61.7030	2.03881836
    58	   62.8130	2.03906250
    59	   63.9060	2.03759766
    60	   65.0000	2.03759766
    61	   66.1090	2.03613281
    62	   67.2030	2.03955078
    63	   68.3130	2.03247070
    64	   69.4060	2.03466797
    65	   70.5000	2.03344727
    66	   71.6090	2.03320312
    67	   72.7030	2.03442383
    68	   73.8130	2.01782227
    69	   74.9060	2.02197266
    70	   76.0000	2.02270508
    71	   77.1090	2.02270508
    72	   78.2030	2.02270508
    73	   79.3130	2.02441406
    74	   80.4060	2.02416992
    75	   81.5000	2.02734375
    76	   82.6090	2.03027344
    77	   83.7030	2.03247070
    78	   84.8130	2.03271484
    79	   85.9060	2.03637695
    80	   87.0000	2.03808594
    81	   88.1090	2.03784180
    82	   89.2030	2.04150391
    83	   90.3130	2.04028320
    84	   91.4060	2.03833008
    85	   92.5000	2.04321289
    86	   93.6090	2.04443359
    87	   94.7030	2.04809570
    88	   95.8130	2.04492188
    89	   96.9060	2.04931641
    90	   98.0000	2.04589844
    91	   99.1090	2.04882812
    92	  100.2030	2.05249023
    93	  101.3130	2.05151367
    94	  102.4060	2.05468750
    95	  103.5000	2.05566406
    96	  104.6090	2.05273438
    97	  105.7030	2.05419922
    98	  106.8130	2.05224609
    99	  107.9060	2.05297852
   100	  109.0000	2.05419922
   101	  110.1090	2.05859375
   102	  111.2030	2.05712891
   103	  112.3130	2.05883789
   104	  113.4060	2.06005859
   105	  114.5000	2.06005859
   106	  115.6090	2.05664062
   107	  116.7030	2.05615234
   108	  117.8130	2.05566406
   109	  118.9060	2.05566406
   110	  120.0000	2.05834961
850
     1	    0.0940	2.12597656
     2	    1.2030	2.12597656
     3	    2.3130	2.13232422
     4	    3.4060	2.12988281
     5	    4.5000	2.13110352
     6	    5.6090	2.13378906
     7	    6.7030	2.13696289
     8	    7.8130	2.13476562
     9	    8.9060	2.14086914
    10	   10.0000	2.14208984
    11	   11.1090	2.14379883
    12	   12.2030	2.14306641
    13	   13.3130	2.14477539
    14	   14.4060	2.14624023
    15	   15.5000	2.14868164
    16	   16.6090	2.14746094
    17	   17.7030	2.14892578
    18	   18.8130	2.14892578
    19	   19.9060	2.15405273
    20	   21.0000	2.15502930
    21	   22.1090	2.15478516
    22	   23.2030	2.15527344
    23	   24.3130	2.15698242
    24	   25.4060	2.15698242
    25	   26.5000	2.15576172
    26	   27.6090	2.15747070
    27	   28.7030	2.15722656
    28	   29.8130	2.15771484
    29	   30.9060	2.15893555
    30	   32.0000	2.16088867
    31	   33.1090	2.16259766
    32	   34.2030	2.16674805
    33	   35.3130	2.16137695
    34	   36.4060	2.16430664
    35	   37.5000	2.16284180
    36	   38.6090	2.16430664
    37	   39.7030	2.16259766
    38	   40.8130	2.16186523
    39	   41.9060	2.16162109
    40	   43.0000	2.16650391
    41	   44.1090	2.16406250
    42	   45.2030	2.16967773
    43	   46.3130	2.16796875
    44	   47.4060	2.17211914
    45	   48.5000	2.17041016
    46	   49.6090	2.17236328
    47	   50.7030	2.17114258
    48	   51.8130	2.17309570
    49	   52.9060	2.17651367
    50	   54.0000	2.17944336
    51	   55.1090	2.17724609
    52	   56.2030	2.17333984
    53	   57.3130	2.17480469
    54	   58.4060	2.17529297
    55	   59.5000	2.17749023
    56	   60.6090	2.17797852
    57	   61.7030	2.17919922
    58	   62.8130	2.17895508
    59	   63.9060	2.18139648
    60	   65.0000	2.18164062
    61	   66.1090	2.18090820
    62	   67.2030	2.18457031
    63	   68.3130	2.18725586
    64	   69.4060	2.18676758
    65	   70.5000	2.18798828
    66	   71.6090	2.18627930
    67	   72.7030	2.18847656
    68	   73.8130	2.18847656
    69	   74.9060	2.18750000
    70	   76.0000	2.19116211
    71	   77.1090	2.19189453
    72	   78.2030	2.19213867
    73	   79.3130	2.19433594
    74	   80.4060	2.19409180
    75	   81.5000	2.19287109
    76	   82.6090	2.19213867
    77	   83.7030	2.19458008
    78	   84.8130	2.19238281
    79	   85.9060	2.19384766
    80	   87.0000	2.19360352
    81	   88.1090	2.19433594
    82	   89.2030	2.19433594
    83	   90.3130	2.19287109
    84	   91.4060	2.19360352
    85	   92.5000	2.19897461
    86	   93.6090	2.19775391
    87	   94.7030	2.19604492
    88	   95.8130	2.19653320
    89	   96.9060	2.19677734
    90	   98.0000	2.19604492
    91	   99.1090	2.19458008
    92	  100.2030	2.19726562
    93	  101.3130	2.19653320
    94	  102.4060	2.19604492
    95	  103.5000	2.19433594
    96	  104.6090	2.19628906
    97	  105.7030	2.19653320
    98	  106.8130	2.19799805
    99	  107.9060	2.19726562
   100	  109.0000	2.19677734
   101	  110.1090	2.19702148
   102	  111.2030	2.19726562
   103	  112.3130	2.19555664
   104	  113.4060	2.19580078
   105	  114.5000	2.19384766
   106	  115.6090	2.19482422
   107	  116.7030	2.19458008
   108	  117.8130	2.19653320
   109	  118.9060	2.19433594
   110	  120.0000	2.19458008
875
     1	    0.1090	2.21606445
     2	    1.1880	2.21655273
     3	    2.2810	2.21630859
     4	    3.3750	2.21069336
     5	    4.4840	2.20288086
     6	    5.5780	2.20288086
     7	    6.6880	2.21191406
     8	    7.7810	2.21508789
     9	    8.8750	2.21606445
    10	    9.9840	2.21337891
    11	   11.0780	2.21582031
    12	   12.1880	2.21728516
    13	   13.2810	2.21777344
    14	   14.3750	2.21923828
    15	   15.4840	2.21826172
    16	   16.5780	2.22021484
    17	   17.6880	2.21923828
    18	   18.7810	2.21801758
    19	   19.8750	2.21801758
    20	   20.9840	2.21923828
    21	   22.0780	2.21875000
    22	   23.1880	2.21899414
    23	   24.2810	2.22143555
    24	   25.3750	2.21997070
    25	   26.4840	2.22021484
    26	   27.5780	2.21948242
    27	   28.6880	2.22094727
    28	   29.7810	2.21923828
    29	   30.8750	2.21948242
    30	   31.9840	2.21899414
    31	   33.0780	2.21972656
    32	   34.1880	2.21533203
    33	   35.2810	2.21533203
    34	   36.3750	2.21655273
    35	   37.4840	2.21630859
    36	   38.5780	2.21606445
    37	   39.6880	2.21630859
    38	   40.7810	2.21948242
    39	   41.8750	2.21923828
    40	   42.9840	2.21630859
    41	   44.0780	2.21313477
    42	   45.1880	2.21533203
    43	   46.2810	2.21704102
    44	   47.3750	2.21630859
    45	   48.4840	2.21459961
    46	   49.5780	2.21557617
    47	   50.6880	2.21459961
    48	   51.7810	2.21313477
    49	   52.8750	2.21484375
    50	   53.9840	2.21557617
    51	   55.0780	2.21533203
    52	   56.1880	2.21630859
    53	   57.2810	2.21508789
    54	   58.3750	2.21752930
    55	   59.4840	2.21801758
    56	   60.5780	2.21728516
    57	   61.6880	2.21484375
    58	   62.7810	2.21679688
    59	   63.8750	2.21557617
    60	   64.9840	2.21752930
    61	   66.0780	2.21704102
    62	   67.1880	2.21679688
    63	   68.2810	2.21679688
    64	   69.3750	2.21801758
    65	   70.4840	2.21533203
    66	   71.5780	2.21655273
    67	   72.6880	2.21582031
    68	   73.7810	2.21655273
    69	   74.8750	2.21875000
    70	   75.9840	2.21948242
    71	   77.0780	2.21972656
    72	   78.1880	2.21899414
    73	   79.2810	2.22119141
    74	   80.3750	2.22119141
    75	   81.4840	2.22509766
    76	   82.5780	2.22338867
    77	   83.6880	2.22265625
    78	   84.7810	2.22363281
    79	   85.8750	2.22387695
    80	   86.9840	2.22460938
    81	   88.0780	2.22387695
    82	   89.1880	2.22607422
    83	   90.2810	2.22509766
    84	   91.3750	2.22412109
    85	   92.4840	2.22436523
    86	   93.5780	2.22534180
    87	   94.6880	2.22558594
    88	   95.7810	2.22192383
    89	   96.8750	2.22265625
    90	   97.9840	2.22509766
    91	   99.0780	2.22607422
    92	  100.1880	2.22705078
    93	  101.2810	2.22607422
    94	  102.3750	2.22705078
    95	  103.4840	2.22363281
    96	  104.5780	2.22729492
    97	  105.6880	2.22705078
    98	  106.7810	2.22729492
    99	  107.8750	2.22583008
   100	  108.9840	2.22485352
   101	  110.0780	2.22558594
   102	  111.1880	2.22729492
   103	  112.2810	2.22778320
   104	  113.3750	2.22827148
   105	  114.4840	2.22924805
   106	  115.5780	2.23022461
   107	  116.6880	2.23046875
   108	  117.7810	2.22973633
   109	  118.8750	2.23168945
   110	  119.9840	2.23046875
   111	  121.0780	2.23291016
900
     1	    0.1100	2.20336914
     2	    1.2030	2.20385742
     3	    2.2970	2.20043945
     4	    3.4070	2.20336914
     5	    4.5000	2.20434570
     6	    5.5940	2.20434570
     7	    6.7030	2.20288086
     8	    7.7970	2.19921875
     9	    8.9070	2.19970703
    10	   10.0000	2.19995117
    11	   11.0940	2.19897461
    12	   12.2030	2.19897461
    13	   13.2970	2.20117188
    14	   14.4070	2.19897461
    15	   15.5000	2.19970703
    16	   16.5940	2.20141602
    17	   17.7030	2.20068359
    18	   18.7970	2.19897461
    19	   19.9070	2.20166016
    20	   21.0000	2.20288086
    21	   22.0940	2.19799805
    22	   23.2030	2.20117188
    23	   24.2970	2.20190430
    24	   25.4070	2.20043945
    25	   26.5000	2.19970703
    26	   27.5940	2.19946289
    27	   28.7030	2.19897461
    28	   29.7970	2.19799805
    29	   30.9070	2.19897461
    30	   32.0000	2.19702148
    31	   33.0940	2.19921875
    32	   34.2030	2.19750977
    33	   35.2970	2.20385742
    34	   36.4070	2.19799805
    35	   37.5000	2.19726562
    36	   38.5940	2.19628906
    37	   39.7030	2.19506836
    38	   40.7970	2.19824219
    39	   41.9070	2.19702148
    40	   43.0000	2.19531250
    41	   44.0940	2.19726562
    42	   45.2030	2.19653320
    43	   46.2970	2.19433594
    44	   47.4070	2.19409180
    45	   48.5000	2.19677734
    46	   49.5940	2.19604492
    47	   50.7030	2.19702148
    48	   51.7970	2.19482422
    49	   52.9070	2.19506836
    50	   54.0000	2.19677734
    51	   55.0940	2.19335938
    52	   56.2030	2.19335938
    53	   57.2970	2.19287109
    54	   58.4070	2.19506836
    55	   59.5000	2.19433594
    56	   60.5940	2.19458008
    57	   61.7030	2.19238281
    58	   62.7970	2.19482422
    59	   63.9070	2.19287109
    60	   65.0000	2.19506836
    61	   66.0940	2.19311523
    62	   67.2030	2.19018555
    63	   68.2970	2.19042969
    64	   69.4070	2.18994141
    65	   70.5000	2.18798828
    66	   71.5940	2.19165039
    67	   72.7030	2.19189453
    68	   73.7970	2.19067383
    69	   74.9070	2.19140625
    70	   76.0000	2.19238281
    71	   77.0940	2.19238281
    72	   78.2030	2.19262695
    73	   79.2970	2.19042969
    74	   80.4070	2.19018555
    75	   81.5000	2.19311523
    76	   82.5940	2.18994141
    77	   83.7030	2.18872070
    78	   84.7970	2.19165039
    79	   85.9070	2.19189453
    80	   87.0000	2.18969727
    81	   88.0940	2.19482422
    82	   89.2030	2.19384766
    83	   90.2970	2.19116211
    84	   91.4070	2.19384766
    85	   92.5000	2.19067383
    86	   93.5940	2.19384766
    87	   94.7030	2.19409180
    88	   95.7970	2.19482422
    89	   96.9070	2.19555664
    90	   98.0000	2.19433594
    91	   99.0940	2.19360352
    92	  100.2030	2.19409180
    93	  101.2970	2.19433594
    94	  102.4070	2.19360352
    95	  103.5000	2.19335938
    96	  104.5940	2.19433594
    97	  105.7030	2.19506836
    98	  106.7970	2.19555664
    99	  107.9070	2.19531250
   100	  109.0000	2.19750977
   101	  110.0940	2.19677734
   102	  111.2030	2.19677734
   103	  112.2970	2.19897461
   104	  113.4070	2.19506836
   105	  114.5000	2.19360352
   106	  115.5940	2.19287109
   107	  116.7030	2.18969727
   108	  117.7970	2.19189453
   109	  118.9070	2.19067383
   110	  120.0000	2.19262695
950
     1	    0.1090	1.97827148
     2	    1.1880	1.97583008
     3	    2.2810	1.97119141
     4	    3.3750	1.96923828
     5	    4.4840	1.96704102
     6	    5.5780	1.96484375
     7	    6.6880	1.96655273
     8	    7.7810	1.96313477
     9	    8.8750	1.96435547
    10	    9.9840	1.96264648
    11	   11.0780	1.96069336
    12	   12.1880	1.95922852
    13	   13.2810	1.95605469
    14	   14.3750	1.95361328
    15	   15.4840	1.95263672
    16	   16.5780	1.94995117
    17	   17.6880	1.94995117
    18	   18.7810	1.94995117
    19	   19.8750	1.93994141
    20	   20.9840	1.93676758
    21	   22.0780	1.94018555
    22	   23.1880	1.93969727
    23	   24.2810	1.94091797
    24	   25.3750	1.93627930
    25	   26.4840	1.93334961
    26	   27.5780	1.93066406
    27	   28.6880	1.92944336
    28	   29.7810	1.93041992
    29	   30.8750	1.92456055
    30	   31.9840	1.92163086
    31	   33.0780	1.91845703
    32	   34.1880	1.92236328
    33	   35.2810	1.92407227
    34	   36.3750	1.92626953
    35	   37.4840	1.93237305
    36	   38.5780	1.93090820
    37	   39.6880	1.92504883
    38	   40.7810	1.93188477
    39	   41.8750	1.93041992
    40	   42.9840	1.93115234
    41	   44.0780	1.92480469
    42	   45.1880	1.92163086
    43	   46.2810	1.91821289
    44	   47.3750	1.91992188
    45	   48.4840	1.91674805
    46	   49.5780	1.91040039
    47	   50.6880	1.92065430
    48	   51.7810	1.92333984
    49	   52.8750	1.92602539
    50	   53.9840	1.92333984
    51	   55.0780	1.92016602
    52	   56.1880	1.92773438
    53	   57.2810	1.92358398
    54	   58.3750	1.92333984
    55	   59.4840	1.91845703
    56	   60.5780	1.91308594
    57	   61.6880	1.90649414
    58	   62.7810	1.90307617
    59	   63.8750	1.90087891
    60	   64.9840	1.90795898
    61	   66.0780	1.90283203
    62	   67.1880	1.90771484
    63	   68.2810	1.90917969
    64	   69.3750	1.91357422
    65	   70.4840	1.91064453
    66	   71.5780	1.90478516
    67	   72.6880	1.90820312
    68	   73.7810	1.90698242
    69	   74.8750	1.90380859
    70	   75.9840	1.91113281
    71	   77.0780	1.91406250
    72	   78.1880	1.90991211
    73	   79.2810	1.91064453
    74	   80.3750	1.90307617
    75	   81.4840	1.90039062
    76	   82.5780	1.90332031
    77	   83.6880	1.90405273
    78	   84.7810	1.90502930
    79	   85.8750	1.90283203
    80	   86.9840	1.90307617
    81	   88.0780	1.89624023
    82	   89.1880	1.89892578
    83	   90.2810	1.90161133
    84	   91.3750	1.90234375
    85	   92.4840	1.90234375
    86	   93.5780	1.89477539
    87	   94.6880	1.90283203
    88	   95.7810	1.89868164
    89	   96.8750	1.90234375
    90	   97.9840	1.90014648
    91	   99.0780	1.89404297
    92	  100.1880	1.89428711
    93	  101.2810	1.88696289
    94	  102.3750	1.89599609
    95	  103.4840	1.89819336
    96	  104.5780	1.88916016
    97	  105.6880	1.89208984
    98	  106.7810	1.89477539
    99	  107.8750	1.88525391
   100	  108.9840	1.88403320
   101	  110.0780	1.88134766
   102	  111.1880	1.87622070
   103	  112.2810	1.87719727
   104	  113.3750	1.88281250
   105	  114.4840	1.88281250
   106	  115.5780	1.88281250
   107	  116.6880	1.88085938
   108	  117.7810	1.87915039
   109	  118.8750	1.87475586
   110	  119.9840	1.87231445
   111	  121.0780	1.87719727
1000
     1	    0.1090	1.44262695
     2	    1.2180	1.43310547
     3	    2.3120	1.42651367
     4	    3.4220	1.42529297
     5	    4.5150	1.43188477
     6	    5.6090	1.42553711
     7	    6.7180	1.40454102
     8	    7.8120	1.40405273
     9	    8.9220	1.39086914
    10	   10.0150	1.39453125
    11	   11.1090	1.38623047
    12	   12.2180	1.39184570
    13	   13.3120	1.38769531
    14	   14.4220	1.38623047
    15	   15.5150	1.38452148
    16	   16.6090	1.38623047
    17	   17.7180	1.37524414
    18	   18.8120	1.37109375
    19	   19.9220	1.36718750
    20	   21.0150	1.35009766
    21	   22.1090	1.33935547
    22	   23.2180	1.34057617
    23	   24.3120	1.33935547
    24	   25.4220	1.35595703
    25	   26.5150	1.35571289
    26	   27.6090	1.34619141
    27	   28.7180	1.34521484
    28	   29.8120	1.34619141
    29	   30.9220	1.34350586
    30	   32.0150	1.34179688
    31	   33.1090	1.33520508
    32	   34.2180	1.33349609
    33	   35.3120	1.33129883
    34	   36.4220	1.33398438
    35	   37.5150	1.32690430
    36	   38.6090	1.31298828
    37	   39.7180	1.29663086
    38	   40.8120	1.28906250
    39	   41.9220	1.30273438
    40	   43.0150	1.30322266
    41	   44.1090	1.31005859
    42	   45.2180	1.31542969
    43	   46.3120	1.30761719
    44	   47.4220	1.30615234
    45	   48.5150	1.30322266
    46	   49.6090	1.30468750
    47	   50.7180	1.30102539
    48	   51.8120	1.29736328
    49	   52.9220	1.30200195
    50	   54.0150	1.30493164
    51	   55.1090	1.30590820
    52	   56.2180	1.30273438
    53	   57.3120	1.30273438
    54	   58.4220	1.30224609
    55	   59.5150	1.29980469
    56	   60.6090	1.30029297
    57	   61.7180	1.29833984
    58	   62.8120	1.28515625
    59	   63.9220	1.28027344
    60	   65.0150	1.27709961
    61	   66.1090	1.27319336
    62	   67.2180	1.26733398
    63	   68.3120	1.26049805
    64	   69.4220	1.25561523
    65	   70.5150	1.24853516
    66	   71.6090	1.25585938
    67	   72.7180	1.25195312
    68	   73.8120	1.25341797
    69	   74.9220	1.25073242
    70	   76.0150	1.23999023
    71	   77.1090	1.23510742
    72	   78.2180	1.25830078
    73	   79.3120	1.23950195
    74	   80.4220	1.24877930
    75	   81.5150	1.24877930
    76	   82.6090	1.24121094
    77	   83.7180	1.23535156
    78	   84.8120	1.23754883
    79	   85.9220	1.23168945
    80	   87.0150	1.21850586
    81	   88.1090	1.22656250
    82	   89.2180	1.23144531
    83	   90.3120	1.22192383
    84	   91.4220	1.22119141
    85	   92.5150	1.22363281
    86	   93.6090	1.23217773
    87	   94.7180	1.23144531
    88	   95.8120	1.22778320
    89	   96.9220	1.22729492
    90	   98.0150	1.21801758
    91	   99.1090	1.21020508
    92	  100.2180	1.20434570
    93	  101.3120	1.19726562
    94	  102.4220	1.20239258
    95	  103.5150	1.20727539
    96	  104.6090	1.21166992
    97	  105.7180	1.21704102
    98	  106.8120	1.21264648
    99	  107.9220	1.21215820
   100	  109.0150	1.21313477
   101	  110.1090	1.20849609
   102	  111.2180	1.20312500
   103	  112.3120	1.19555664
   104	  113.4220	1.19750977
   105	  114.5150	1.20068359
   106	  115.6090	1.20043945
   107	  116.7180	1.20214844
   108	  117.8120	1.20458984
   109	  118.9220	1.20458984
   110	  120.0150	1.20043945
