#casrek	I	castot	I/I_0
			
0.093	0.00830078	0.093	0.0037174716
1.187	0.00634766	1.187	0.0028427745
2.281	0.00512695	2.281	0.0022960843
3.39	0.00878906	3.39	0.0039361458
4.484	0.00634766	4.484	0.0028427745
5.578	0.00537109	5.578	0.0024054215
6.687	0.00708008	6.687	0.0031707859
7.781	0.00732422	7.781	0.003280123
8.89	0.00585938	8.89	0.0026241002
9.984	0.00683594	9.984	0.0030614487
11.078	0.0065918	11.078	0.0029521116
12.187	0.0078125	12.187	0.0034987973
13.281	0.00390625	13.281	0.0017493986
14.39	0.00683594	14.39	0.0030614487
15.484	0.00756836	15.484	0.0033894601
16.578	0.0065918	16.578	0.0029521116
17.687	0.00683594	17.687	0.0030614487
18.781	0.00756836	18.781	0.0033894601
19.89	0.00708008	19.89	0.0031707859
20.984	0.00634766	20.984	0.0028427745
22.078	0.00732422	22.078	0.003280123
23.187	0.00585938	23.187	0.0026241002
24.281	0.00683594	24.281	0.0030614487
25.39	0.00708008	25.39	0.0031707859
26.484	0.00512695	26.484	0.0022960843
27.578	0.00610352	27.578	0.0027334373
28.687	0.0065918	28.687	0.0029521116
29.781	0.00830078	29.781	0.0037174716
30.89	0.00585938	30.89	0.0026241002
31.984	0.00561523	31.984	0.0025147586
33.078	0.00585938	33.078	0.0026241002
34.187	0.00732422	34.187	0.003280123
35.281	0.00683594	35.281	0.0030614487
36.39	0.00488281	36.39	0.0021867472
37.484	0.00561523	37.484	0.0025147586
38.578	0.00537109	38.578	0.0024054215
39.687	0.00561523	39.687	0.0025147586
40.781	0.00585938	40.781	0.0026241002
41.89	0.00732422	41.89	0.003280123
42.984	0.0065918	42.984	0.0029521116
44.078	0.00585938	44.078	0.0026241002
45.187	0.00805664	45.187	0.0036081344
46.281	0.00561523	46.281	0.0025147586
47.39	0.00756836	47.39	0.0033894601
48.484	0.00537109	48.484	0.0024054215
49.578	0.00439453	49.578	0.0019680729
50.687	0.00463867	50.687	0.00207741
51.781	0.00561523	51.781	0.0025147586
52.89	0.00561523	52.89	0.0025147586
53.984	0.00805664	53.984	0.0036081344
55.078	0.00512695	55.078	0.0022960843
56.187	0.00683594	56.187	0.0030614487
57.281	0.00561523	57.281	0.0025147586
58.39	0.00708008	58.39	0.0031707859
59.484	0.00756836	59.484	0.0033894601
60.578	0.00732422	60.578	0.003280123
61.687	0.00439453	61.687	0.0019680729
62.781	0.00390625	62.781	0.0017493986
63.89	0.00683594	63.89	0.0030614487
64.984	0.00585938	64.984	0.0026241002
66.078	0.00683594	66.078	0.0030614487
67.187	0.00561523	67.187	0.0025147586
68.281	0.00585938	68.281	0.0026241002
69.39	0.00415039	69.39	0.0018587358
70.484	0.0065918	70.484	0.0029521116
71.593	0.00634766	71.593	0.0028427745
72.687	0.00732422	72.687	0.003280123
73.781	0.0078125	73.781	0.0034987973
74.89	0.00512695	74.89	0.0022960843
75.984	0.00537109	75.984	0.0024054215
77.093	0.00708008	77.093	0.0031707859
78.187	0.00561523	78.187	0.0025147586
79.281	0.00732422	79.281	0.003280123
80.39	0.00732422	80.39	0.003280123
81.484	0.00756836	81.484	0.0033894601
82.593	0.00756836	82.593	0.0033894601
83.687	0.00756836	83.687	0.0033894601
84.781	0.00341797	84.781	0.0015307244
85.89	0.00805664	85.89	0.0036081344
86.984	0.00610352	86.984	0.0027334373
88.093	0.00512695	88.093	0.0022960843
89.187	0.00585938	89.187	0.0026241002
90.281	0.00708008	90.281	0.0031707859
91.39	0.00561523	91.39	0.0025147586
92.484	0.00683594	92.484	0.0030614487
93.593	0.00634766	93.593	0.0028427745
94.687	0.00634766	94.687	0.0028427745
95.781	0.00585938	95.781	0.0026241002
96.89	0.0065918	96.89	0.0029521116
97.984	0.00463867	97.984	0.00207741
99.078	0.00708008	99.078	0.0031707859
100.187	0.00708008	100.187	0.0031707859
101.281	0.00585938	101.281	0.0026241002
102.39	0.00878906	102.39	0.0039361458
103.484	0.00708008	103.484	0.0031707859
104.578	0.00585938	104.578	0.0026241002
105.687	0.00610352	105.687	0.0027334373
106.781	0.00634766	106.781	0.0028427745
107.89	0.00732422	107.89	0.003280123
108.984	0.00732422	108.984	0.003280123
110.078	0.00512695	110.078	0.0022960843
111.187	0.00683594	111.187	0.0030614487
112.281	0.00830078	112.281	0.0037174716
113.39	0.00512695	113.39	0.0022960843
114.484	0.0078125	114.484	0.0034987973
115.578	0.00683594	115.578	0.0030614487
116.687	0.0078125	116.687	0.0034987973
117.781	0.0065918	117.781	0.0029521116
118.89	0.0078125	118.89	0.0034987973
119.984	0.00610352	119.984	0.0027334373
121.078	0.00756836	121.078	0.0033894601
			0
0.109	0.00146484	121.187	0.0006560228
1.187	0.00048828	122.265	0.0002186743
2.281	0.00097656	123.359	0.0004373485
3.375	0.00073242	124.453	0.0003280114
4.484	0.00170898	125.562	0.0007653599
5.578	0.00048828	126.656	0.0002186743
6.687	0.00097656	127.765	0.0004373485
7.781	0	128.859	0
8.875	0.00146484	129.953	0.0006560228
9.984	-0.00097656	131.062	-0.0004373485
11.078	0.00146484	132.156	0.0006560228
12.187	-0.00073242	133.265	-0.0003280114
13.281	-0.00219727	134.359	-0.0009840387
14.375	0.00097656	135.453	0.0004373485
15.484	-0.00048828	136.562	-0.0002186743
16.578	0	137.656	0
17.687	-0.00024414	138.765	-0.0001093371
18.781	0.00024414	139.859	0.0001093371
19.875	0.00244141	140.953	0.0010933758
20.984	0.00073242	142.062	0.0003280114
22.078	0.00097656	143.156	0.0004373485
23.187	-0.0012207	144.265	-0.0005466857
24.281	0.00024414	145.359	0.0001093371
25.375	0.00341797	146.453	0.0015307244
26.484	0.00146484	147.562	0.0006560228
27.578	-0.00048828	148.656	-0.0002186743
28.687	0.00219727	149.765	0.0009840387
29.781	-0.00024414	150.859	-0.0001093371
30.875	0.00073242	151.953	0.0003280114
31.984	0.0012207	153.062	0.0005466857
33.078	0.00097656	154.156	0.0004373485
34.187	0.00146484	155.265	0.0006560228
35.281	0.00195312	156.359	0.0008746971
36.375	0.00146484	157.453	0.0006560228
37.484	0.00097656	158.562	0.0004373485
38.578	-0.00024414	159.656	-0.0001093371
39.687	-0.00048828	160.765	-0.0002186743
40.781	-0.00024414	161.859	-0.0001093371
41.875	0.00097656	162.953	0.0004373485
42.984	0.00146484	164.062	0.0006560228
44.078	-0.0012207	165.156	-0.0005466857
45.187	0.00097656	166.265	0.0004373485
46.281	0.00073242	167.359	0.0003280114
47.375	0.00195312	168.453	0.0008746971
48.484	0.00146484	169.562	0.0006560228
49.578	0.00073242	170.656	0.0003280114
50.687	0.00024414	171.765	0.0001093371
51.781	0.00048828	172.859	0.0002186743
52.875	-0.00073242	173.953	-0.0003280114
53.984	0.00390625	175.062	0.0017493986
55.078	-0.00146484	176.156	-0.0006560228
56.187	0.0012207	177.265	0.0005466857
57.281	0.00097656	178.359	0.0004373485
58.375	-0.0012207	179.453	-0.0005466857
59.484	0	180.562	0
60.578	0.00097656	181.656	0.0004373485
61.687	0.00097656	182.765	0.0004373485
62.781	0.00219727	183.859	0.0009840387
63.89	0.00292969	184.968	0.0013120501
64.984	0.0012207	186.062	0.0005466857
66.078	-0.00073242	187.156	-0.0003280114
67.187	0.00073242	188.265	0.0003280114
68.281	0.0012207	189.359	0.0005466857
69.39	0.00048828	190.468	0.0002186743
70.484	0.00097656	191.562	0.0004373485
71.578	-0.00073242	192.656	-0.0003280114
72.687	0.00097656	193.765	0.0004373485
73.781	0.00292969	194.859	0.0013120501
74.89	0.00097656	195.968	0.0004373485
75.984	0.00024414	197.062	0.0001093371
77.078	0.00048828	198.156	0.0002186743
78.187	-0.00024414	199.265	-0.0001093371
79.281	0.00024414	200.359	0.0001093371
80.39	0.00146484	201.468	0.0006560228
81.484	-0.00170898	202.562	-0.0007653599
82.578	-0.00073242	203.656	-0.0003280114
83.687	0.00195312	204.765	0.0008746971
84.781	0.00048828	205.859	0.0002186743
85.875	0.00195312	206.953	0.0008746971
86.984	0	208.062	0
88.078	0.00024414	209.156	0.0001093371
89.187	0.00073242	210.265	0.0003280114
90.281	0.0012207	211.359	0.0005466857
91.375	0.00219727	212.453	0.0009840387
92.484	0	213.562	0
93.578	0.00024414	214.656	0.0001093371
94.687	-0.00024414	215.765	-0.0001093371
95.781	0	216.859	0
96.875	0.00097656	217.953	0.0004373485
97.984	0.00073242	219.062	0.0003280114
99.078	0.00170898	220.156	0.0007653599
100.187	0	221.265	0
101.281	0.0012207	222.359	0.0005466857
102.375	0.00024414	223.453	0.0001093371
103.484	0.00146484	224.562	0.0006560228
104.578	0.0012207	225.656	0.0005466857
105.687	0.00170898	226.765	0.0007653599
106.781	0.00097656	227.859	0.0004373485
107.875	0.00024414	228.953	0.0001093371
108.984	0.00097656	230.062	0.0004373485
110.078	0.00195312	231.156	0.0008746971
111.187	0	232.265	0
112.281	0.00170898	233.359	0.0007653599
113.375	0.00195312	234.453	0.0008746971
114.484	0	235.562	0
115.578	0.00146484	236.656	0.0006560228
116.687	-0.00024414	237.765	-0.0001093371
117.781	0.00097656	238.859	0.0004373485
118.875	0.00073242	239.953	0.0003280114
119.984	0.00073242	241.062	0.0003280114
121.078	0.00024414	242.156	0.0001093371
			0
0.109	0.00170898	242.265	0.0007653599
1.203	0.00292969	243.359	0.0013120501
2.312	0.00268555	244.468	0.001202713
3.406	0.00195312	245.562	0.0008746971
4.5	0.00146484	246.656	0.0006560228
5.609	0.00195312	247.765	0.0008746971
6.703	0.00195312	248.859	0.0008746971
7.812	0.00415039	249.968	0.0018587358
8.906	0.00244141	251.062	0.0010933758
10	0.00244141	252.156	0.0010933758
11.109	0.00170898	253.265	0.0007653599
12.203	0.0012207	254.359	0.0005466857
13.312	0.00146484	255.468	0.0006560228
14.406	0.00195312	256.562	0.0008746971
15.5	0.00463867	257.656	0.00207741
16.609	0.00195312	258.765	0.0008746971
17.703	0.00219727	259.859	0.0009840387
18.812	0.00341797	260.968	0.0015307244
19.906	0.00097656	262.062	0.0004373485
21	0.00463867	263.156	0.00207741
22.109	0.00244141	264.265	0.0010933758
23.203	0.00292969	265.359	0.0013120501
24.312	0.00146484	266.468	0.0006560228
25.406	0.00268555	267.562	0.001202713
26.5	0.00317383	268.656	0.0014213872
27.609	0.00219727	269.765	0.0009840387
28.703	0.00170898	270.859	0.0007653599
29.812	0.00195312	271.968	0.0008746971
30.906	0.00366211	273.062	0.0016400615
32.015	0.00292969	274.171	0.0013120501
33.109	0.0012207	275.265	0.0005466857
34.203	0.00024414	276.359	0.0001093371
35.312	0.00048828	277.468	0.0002186743
36.406	0.00146484	278.562	0.0006560228
37.515	0.0012207	279.671	0.0005466857
38.609	0.00170898	280.765	0.0007653599
39.703	0.00268555	281.859	0.001202713
40.812	0.00244141	282.968	0.0010933758
41.906	0.00268555	284.062	0.001202713
43.015	0.00488281	285.171	0.0021867472
44.109	0.0012207	286.265	0.0005466857
45.203	0.00146484	287.359	0.0006560228
46.312	0.00341797	288.468	0.0015307244
47.406	0.00244141	289.562	0.0010933758
48.515	0.00292969	290.671	0.0013120501
49.609	0.00244141	291.765	0.0010933758
50.703	0.00170898	292.859	0.0007653599
51.812	0.0012207	293.968	0.0005466857
52.906	0.00268555	295.062	0.001202713
54	0.00195312	296.156	0.0008746971
55.109	0.00170898	297.265	0.0007653599
56.203	0.00292969	298.359	0.0013120501
57.312	0.00317383	299.468	0.0014213872
58.406	0.00170898	300.562	0.0007653599
59.5	0.00195312	301.656	0.0008746971
60.609	0.00366211	302.765	0.0016400615
61.703	0.00170898	303.859	0.0007653599
62.812	0.00268555	304.968	0.001202713
63.906	0.00268555	306.062	0.001202713
65	0.00366211	307.156	0.0016400615
66.109	0.00390625	308.265	0.0017493986
67.203	0.00390625	309.359	0.0017493986
68.312	0.00170898	310.468	0.0007653599
69.406	0.00463867	311.562	0.00207741
70.5	0.00292969	312.656	0.0013120501
71.609	0.00219727	313.765	0.0009840387
72.703	0.00415039	314.859	0.0018587358
73.812	0.00244141	315.968	0.0010933758
74.906	0.00366211	317.062	0.0016400615
76	0.00341797	318.156	0.0015307244
77.359	0.00195312	319.515	0.0008746971
78.453	0.00219727	320.609	0.0009840387
79.562	0.00292969	321.718	0.0013120501
80.656	0.00073242	322.812	0.0003280114
81.75	0.00048828	323.906	0.0002186743
82.859	0.00195312	325.015	0.0008746971
83.953	0.00317383	326.109	0.0014213872
85.062	0.00439453	327.218	0.0019680729
86.156	0.00317383	328.312	0.0014213872
87.25	0.00219727	329.406	0.0009840387
88.359	0.00341797	330.515	0.0015307244
89.453	0.00170898	331.609	0.0007653599
90.562	0.00195312	332.718	0.0008746971
91.656	0.00292969	333.812	0.0013120501
92.75	0.00170898	334.906	0.0007653599
93.859	0.00048828	336.015	0.0002186743
94.953	0.00292969	337.109	0.0013120501
96.062	0.00024414	338.218	0.0001093371
97.156	0.00146484	339.312	0.0006560228
98.25	0.00317383	340.406	0.0014213872
99.359	0.00366211	341.515	0.0016400615
100.453	0.00146484	342.609	0.0006560228
101.562	0.00366211	343.718	0.0016400615
102.656	0.00537109	344.812	0.0024054215
103.75	0.00146484	345.906	0.0006560228
104.859	0.00439453	347.015	0.0019680729
105.953	0.00341797	348.109	0.0015307244
107.062	0.00366211	349.218	0.0016400615
108.156	0.00219727	350.312	0.0009840387
109.25	0.00268555	351.406	0.001202713
110.359	0.00537109	352.515	0.0024054215
111.453	0.00341797	353.609	0.0015307244
112.562	0.00292969	354.718	0.0013120501
113.656	0.00390625	355.812	0.0017493986
114.75	0.00146484	356.906	0.0006560228
115.859	0.00244141	358.015	0.0010933758
116.953	0.0012207	359.109	0.0005466857
118.062	0.00341797	360.218	0.0015307244
119.156	0.00317383	361.312	0.0014213872
120.25	0.00439453	362.406	0.0019680729
			0
0.109	0.01074219	362.515	0.0048108474
1.187	0.01147461	363.593	0.0051388588
2.281	0.01196289	364.687	0.0053575331
3.375	0.01171875	365.781	0.0052481959
4.484	0.01245117	366.89	0.0055762073
5.578	0.01147461	367.984	0.0051388588
6.687	0.01318359	369.093	0.0059042187
7.781	0.01269531	370.187	0.0056855445
8.875	0.01220703	371.281	0.0054668702
9.984	0.01293945	372.39	0.0057948816
11.078	0.01318359	373.484	0.0059042187
12.187	0.01416016	374.593	0.0063415718
13.281	0.01220703	375.687	0.0054668702
14.375	0.01293945	376.781	0.0057948816
15.484	0.01464844	377.89	0.006560246
16.578	0.01098633	378.984	0.0049201845
17.687	0.01245117	380.093	0.0055762073
18.781	0.01416016	381.187	0.0063415718
19.875	0.01245117	382.281	0.0055762073
20.984	0.01196289	383.39	0.0053575331
22.078	0.01147461	384.484	0.0051388588
23.172	0.01416016	385.578	0.0063415718
24.281	0.01098633	386.687	0.0049201845
25.375	0.01269531	387.781	0.0056855445
26.484	0.01245117	388.89	0.0055762073
27.578	0.01367188	389.984	0.0061228975
28.672	0.01318359	391.078	0.0059042187
29.781	0.01220703	392.187	0.0054668702
30.875	0.01293945	393.281	0.0057948816
31.984	0.01220703	394.39	0.0054668702
33.078	0.01147461	395.484	0.0051388588
34.172	0.01196289	396.578	0.0053575331
35.281	0.01391602	397.687	0.0062322346
36.375	0.01196289	398.781	0.0053575331
37.484	0.01367188	399.89	0.0061228975
38.578	0.01318359	400.984	0.0059042187
39.703	0.01464844	402.109	0.006560246
40.781	0.01098633	403.187	0.0049201845
41.875	0.01513672	404.281	0.0067789203
42.984	0.01318359	405.39	0.0059042187
44.078	0.01367188	406.484	0.0061228975
45.172	0.01342773	407.578	0.0060135559
46.281	0.01464844	408.687	0.006560246
47.375	0.01220703	409.781	0.0054668702
48.484	0.0144043	410.89	0.0064509089
49.578	0.01147461	411.984	0.0051388588
50.672	0.01391602	413.078	0.0062322346
51.781	0.01464844	414.187	0.006560246
52.875	0.01367188	415.281	0.0061228975
53.984	0.01464844	416.39	0.006560246
55.078	0.01367188	417.484	0.0061228975
56.172	0.01489258	418.578	0.0066695832
57.281	0.01245117	419.687	0.0055762073
58.375	0.01196289	420.781	0.0053575331
59.484	0.01391602	421.89	0.0062322346
60.578	0.01367188	422.984	0.0061228975
61.672	0.015625	424.078	0.0069975946
62.781	0.01489258	425.187	0.0066695832
63.875	0.01342773	426.281	0.0060135559
64.984	0.01489258	427.39	0.0066695832
66.078	0.01416016	428.484	0.0063415718
67.172	0.0144043	429.578	0.0064509089
68.281	0.01342773	430.687	0.0060135559
69.375	0.01245117	431.781	0.0055762073
70.484	0.01318359	432.89	0.0059042187
71.578	0.01391602	433.984	0.0062322346
72.672	0.0144043	435.078	0.0064509089
73.781	0.0144043	436.187	0.0064509089
74.875	0.01416016	437.281	0.0063415718
75.984	0.01489258	438.39	0.0066695832
77.078	0.01538086	439.484	0.0068882574
78.172	0.01660156	440.578	0.0074349431
79.281	0.01586914	441.687	0.0071069317
80.375	0.01513672	442.781	0.0067789203
81.484	0.01391602	443.89	0.0062322346
82.578	0.01293945	444.984	0.0057948816
83.672	0.01342773	446.078	0.0060135559
84.781	0.0144043	447.187	0.0064509089
85.875	0.01513672	448.281	0.0067789203
86.984	0.0144043	449.39	0.0064509089
88.078	0.01318359	450.484	0.0059042187
89.172	0.01489258	451.578	0.0066695832
90.281	0.01513672	452.687	0.0067789203
91.375	0.01538086	453.781	0.0068882574
92.484	0.01513672	454.89	0.0067789203
93.578	0.015625	455.984	0.0069975946
94.687	0.01318359	457.093	0.0059042187
95.781	0.0144043	458.187	0.0064509089
96.875	0.01416016	459.281	0.0063415718
97.984	0.015625	460.39	0.0069975946
99.078	0.01538086	461.484	0.0068882574
100.172	0.01367188	462.578	0.0061228975
101.281	0.015625	463.687	0.0069975946
102.375	0.01586914	464.781	0.0071069317
103.484	0.01538086	465.89	0.0068882574
104.578	0.01342773	466.984	0.0060135559
105.687	0.015625	468.093	0.0069975946
106.781	0.01318359	469.187	0.0059042187
107.875	0.01464844	470.281	0.006560246
108.984	0.015625	471.39	0.0069975946
110.078	0.0144043	472.484	0.0064509089
111.187	0.01464844	473.593	0.006560246
112.281	0.01489258	474.687	0.0066695832
113.375	0.01220703	475.781	0.0054668702
114.484	0.01416016	476.89	0.0063415718
115.578	0.01318359	477.984	0.0059042187
116.687	0.01293945	479.093	0.0057948816
117.781	0.01464844	480.187	0.006560246
118.875	0.01391602	481.281	0.0062322346
119.984	0.01538086	482.39	0.0068882574
121.078	0.01489258	483.484	0.0066695832
			0
0.11	0.03637695	483.594	0.0162912734
1.219	0.03833008	484.703	0.017165975
2.313	0.03833008	485.797	0.017165975
3.422	0.0378418	486.906	0.0169473007
4.516	0.03833008	488	0.017165975
5.625	0.03881836	489.109	0.0173846493
6.719	0.0390625	490.203	0.0174939864
7.813	0.04125977	491.297	0.0184780251
8.922	0.03881836	492.406	0.0173846493
10.016	0.04174805	493.5	0.0186966994
11.125	0.04052734	494.609	0.0181500092
12.219	0.04003906	495.703	0.017931335
13.313	0.04052734	496.797	0.0181500092
14.422	0.04248047	497.906	0.0190247108
15.516	0.04003906	499	0.017931335
16.625	0.04077148	500.109	0.0182593464
17.719	0.04199219	501.203	0.0188060365
18.813	0.03930664	502.297	0.0176033235
19.922	0.04150391	503.406	0.0185873622
21.016	0.04223633	504.5	0.0189153736
22.125	0.04296875	505.609	0.0192433851
23.219	0.04125977	506.703	0.0184780251
24.313	0.04443359	507.797	0.0198994079
25.422	0.04101562	508.906	0.0183686835
26.516	0.04345703	510	0.0194620593
27.625	0.04199219	511.109	0.0188060365
28.719	0.04174805	512.203	0.0186966994
29.813	0.04101562	513.297	0.0183686835
30.922	0.04150391	514.406	0.0185873622
32.016	0.04150391	515.5	0.0185873622
33.125	0.04296875	516.609	0.0192433851
34.219	0.04272461	517.703	0.0191340479
35.313	0.04467773	518.797	0.020008745
36.422	0.04467773	519.906	0.020008745
37.516	0.04296875	521	0.0192433851
38.625	0.04443359	522.109	0.0198994079
39.719	0.04272461	523.203	0.0191340479
40.813	0.04345703	524.297	0.0194620593
41.922	0.04370117	525.406	0.0195713965
43.016	0.04345703	526.5	0.0194620593
44.125	0.04418945	527.609	0.0197900707
45.219	0.04321289	528.703	0.0193527222
46.313	0.04711914	529.797	0.0211021208
47.422	0.04467773	530.906	0.020008745
48.516	0.04394531	532	0.0196807336
49.625	0.04370117	533.109	0.0195713965
50.719	0.04443359	534.203	0.0198994079
51.813	0.0456543	535.297	0.020446098
52.922	0.04516602	536.406	0.0202274237
54.016	0.04418945	537.5	0.0197900707
55.125	0.04296875	538.609	0.0192433851
56.219	0.04492188	539.703	0.0201180866
57.313	0.04541016	540.797	0.0203367609
58.422	0.04492188	541.906	0.0201180866
59.516	0.04541016	543	0.0203367609
60.625	0.04541016	544.109	0.0203367609
61.719	0.04394531	545.203	0.0196807336
62.813	0.04394531	546.297	0.0196807336
63.922	0.04467773	547.406	0.020008745
65.016	0.0456543	548.5	0.020446098
66.125	0.04663086	549.609	0.0208834466
67.219	0.04345703	550.703	0.0194620593
68.328	0.04321289	551.812	0.0193527222
69.422	0.04370117	552.906	0.0195713965
70.516	0.04370117	554	0.0195713965
71.625	0.04394531	555.109	0.0196807336
72.719	0.04663086	556.203	0.0208834466
73.828	0.04443359	557.312	0.0198994079
74.922	0.0456543	558.406	0.020446098
76.016	0.04516602	559.5	0.0202274237
77.125	0.04516602	560.609	0.0202274237
78.219	0.046875	561.703	0.0209927837
79.328	0.04443359	562.812	0.0198994079
80.422	0.04516602	563.906	0.0202274237
81.516	0.04711914	565	0.0211021208
82.625	0.04663086	566.109	0.0208834466
83.719	0.04760742	567.203	0.0213207951
84.813	0.04638672	568.297	0.0207741094
85.922	0.04638672	569.406	0.0207741094
87.016	0.04785156	570.5	0.0214301322
88.125	0.04882812	571.609	0.0218674808
89.219	0.04638672	572.703	0.0207741094
90.313	0.04858398	573.797	0.0217581436
91.422	0.04760742	574.906	0.0213207951
92.516	0.04516602	576	0.0202274237
93.625	0.04736328	577.109	0.021211458
94.719	0.04589844	578.203	0.0205554352
95.813	0.04760742	579.297	0.0213207951
96.922	0.04882812	580.406	0.0218674808
98.016	0.04833984	581.5	0.0216488065
99.125	0.04785156	582.609	0.0214301322
100.219	0.04858398	583.703	0.0217581436
101.313	0.0480957	584.797	0.0215394694
102.422	0.04931641	585.906	0.0220861595
103.516	0.04882812	587	0.0218674808
104.625	0.04907227	588.109	0.0219768224
105.719	0.04931641	589.203	0.0220861595
106.813	0.04785156	590.297	0.0214301322
107.922	0.04760742	591.406	0.0213207951
109.016	0.04760742	592.5	0.0213207951
110.125	0.04663086	593.609	0.0208834466
111.219	0.04760742	594.703	0.0213207951
112.313	0.04736328	595.797	0.021211458
113.422	0.04833984	596.906	0.0216488065
114.516	0.046875	598	0.0209927837
115.625	0.04858398	599.109	0.0217581436
116.719	0.04711914	600.203	0.0211021208
117.813	0.04736328	601.297	0.021211458
118.922	0.04711914	602.406	0.0211021208
120.016	0.04711914	603.5	0.0211021208
			0
0.11	0.10351562	603.61	0.0463590618
1.219	0.10253906	604.719	0.0459217132
2.313	0.10400391	605.813	0.0465777405
3.407	0.10522461	606.907	0.0471244262
4.516	0.10668945	608.016	0.047780449
5.61	0.10449219	609.11	0.0467964148
6.719	0.10693359	610.219	0.0478897861
7.813	0.10595703	611.313	0.0474524376
8.907	0.10839844	612.407	0.0485458134
10.016	0.10498047	613.516	0.047015089
11.11	0.1081543	614.61	0.0484364763
12.219	0.10717773	615.719	0.0479991233
13.313	0.10839844	616.813	0.0485458134
14.407	0.10864258	617.907	0.0486551506
15.516	0.1081543	619.016	0.0484364763
16.61	0.10913086	620.11	0.0488738248
17.719	0.10693359	621.219	0.0478897861
18.813	0.10839844	622.313	0.0485458134
19.907	0.10913086	623.407	0.0488738248
21.016	0.109375	624.516	0.048983162
22.11	0.10913086	625.61	0.0488738248
23.219	0.1105957	626.719	0.0495298476
24.313	0.11010742	627.813	0.0493111734
25.422	0.11181641	628.922	0.0500765378
26.516	0.11230469	630.016	0.0502952121
27.61	0.11669922	631.11	0.052263285
28.719	0.11791992	632.219	0.0528099706
29.813	0.11499023	633.313	0.0514979205
30.922	0.11645508	634.422	0.0521539478
32.016	0.11547852	635.516	0.0517165993
33.11	0.11450195	636.61	0.0512792463
34.219	0.11816406	637.719	0.0529193078
35.313	0.11767578	638.813	0.0527006335
36.422	0.12084961	639.922	0.0541220207
37.516	0.12011719	641.016	0.0537940093
38.61	0.11914062	642.11	0.0533566563
39.719	0.11865234	643.219	0.053137982
40.813	0.11889648	644.313	0.0532473192
41.922	0.11889648	645.422	0.0532473192
43.016	0.11499023	646.516	0.0514979205
44.11	0.11743164	647.61	0.0525912964
45.219	0.1171875	648.719	0.0524819592
46.313	0.11865234	649.813	0.053137982
47.407	0.1184082	650.907	0.0530286449
48.516	0.11474609	652.016	0.0513885834
49.61	0.11621094	653.11	0.0520446107
50.719	0.11401367	654.219	0.051060572
51.813	0.11376953	655.313	0.0509512349
52.907	0.11645508	656.407	0.0521539478
54.016	0.11425781	657.516	0.0511699091
55.11	0.11376953	658.61	0.0509512349
56.219	0.11474609	659.719	0.0513885834
57.313	0.11499023	660.813	0.0514979205
58.407	0.11621094	661.907	0.0520446107
59.516	0.11547852	663.016	0.0517165993
60.61	0.11669922	664.11	0.052263285
61.719	0.11547852	665.219	0.0517165993
62.813	0.11328125	666.313	0.0507325606
63.907	0.11425781	667.407	0.0511699091
65.016	0.11401367	668.516	0.051060572
66.11	0.11254883	669.61	0.0504045492
67.219	0.11352539	670.719	0.0508418977
68.313	0.11450195	671.813	0.0512792463
69.407	0.11376953	672.907	0.0509512349
70.516	0.11572266	674.016	0.0518259364
71.61	0.11499023	675.11	0.0514979205
72.719	0.11376953	676.219	0.0509512349
73.813	0.11743164	677.313	0.0525912964
74.907	0.11645508	678.407	0.0521539478
76.016	0.11499023	679.516	0.0514979205
77.11	0.11694336	680.61	0.0523726221
78.219	0.1159668	681.719	0.0519352736
79.313	0.11572266	682.813	0.0518259364
80.407	0.11694336	683.907	0.0523726221
81.516	0.1171875	685.016	0.0524819592
82.61	0.11914062	686.11	0.0533566563
83.719	0.11694336	687.219	0.0523726221
84.813	0.1184082	688.313	0.0530286449
85.907	0.11889648	689.407	0.0532473192
87.016	0.11938477	690.516	0.0534659979
88.11	0.11914062	691.61	0.0533566563
89.219	0.12011719	692.719	0.0537940093
90.313	0.11743164	693.813	0.0525912964
91.407	0.11962891	694.907	0.0535753351
92.516	0.11889648	696.016	0.0532473192
93.61	0.11962891	697.11	0.0535753351
94.719	0.12084961	698.219	0.0541220207
95.813	0.12060547	699.313	0.0540126836
96.907	0.12109375	700.407	0.0542313579
98.016	0.12109375	701.516	0.0542313579
99.11	0.12426758	702.61	0.0556527451
100.219	0.12329102	703.719	0.0552153966
101.313	0.12353516	704.813	0.0553247337
102.407	0.12084961	705.907	0.0541220207
103.516	0.11987305	707.016	0.0536846722
104.61	0.12084961	708.11	0.0541220207
105.719	0.11938477	709.219	0.0534659979
106.813	0.12255859	710.313	0.0548873807
107.907	0.12207031	711.407	0.0546687064
109.016	0.12426758	712.516	0.0556527451
110.11	0.12231445	713.61	0.0547780436
111.219	0.12182617	714.719	0.0545593693
112.313	0.12255859	715.813	0.0548873807
113.407	0.12158203	716.907	0.0544500321
114.516	0.12231445	718.016	0.0547780436
115.61	0.12231445	719.11	0.0547780436
116.719	0.12280273	720.219	0.0549967178
117.813	0.12109375	721.313	0.0542313579
118.907	0.12036133	722.407	0.0539033465
120.016	0.12011719	723.516	0.0537940093
			0
0.109	0.21582031	723.625	0.0966542738
1.203	0.21801758	724.719	0.0976383125
2.312	0.22021484	725.828	0.0986223467
3.406	0.22094727	726.922	0.0989503626
4.515	0.22192383	728.031	0.0993877111
5.609	0.22387695	729.125	0.1002624082
6.703	0.2277832	730.219	0.1020118069
7.812	0.22729492	731.328	0.1017931326
8.906	0.22802734	732.422	0.102121144
10.015	0.22924805	733.531	0.1026678342
11.109	0.22705078	734.625	0.1016837955
12.203	0.23095703	735.719	0.1034331941
13.312	0.234375	736.828	0.1049639185
14.406	0.23364258	737.922	0.1046359071
15.515	0.23461914	739.031	0.1050732556
16.609	0.23730469	740.125	0.1062759686
17.703	0.23828125	741.219	0.1067133171
18.812	0.24023438	742.328	0.1075880187
19.906	0.23925781	743.422	0.1071506657
21.015	0.23876953	744.531	0.1069319914
22.109	0.2409668	745.625	0.1079160301
23.203	0.24291992	746.719	0.1087907272
24.312	0.24365234	747.828	0.1091187386
25.406	0.24072266	748.922	0.1078066929
26.515	0.2434082	750.031	0.1090094014
27.609	0.24121094	751.125	0.1080253672
28.703	0.24536133	752.219	0.109884103
29.812	0.24414062	753.328	0.1093374128
30.906	0.24609375	754.422	0.1102121144
32.015	0.24755859	755.531	0.1108681372
33.109	0.24731445	756.625	0.1107588001
34.203	0.24853516	757.719	0.1113054902
35.312	0.24926758	758.828	0.1116335016
36.406	0.25146484	759.922	0.1126175359
37.515	0.25097656	761.031	0.1123988616
38.609	0.25	762.125	0.111961513
39.703	0.24902344	763.219	0.1115241645
40.812	0.24536133	764.328	0.109884103
41.906	0.24414062	765.422	0.1093374128
43.015	0.24682617	766.531	0.1105401258
44.109	0.24682617	767.625	0.1105401258
45.203	0.24829102	768.719	0.1111961531
46.312	0.24926758	769.828	0.1116335016
47.406	0.25170898	770.922	0.112726873
48.515	0.25048828	772.031	0.1121801873
49.609	0.25244141	773.125	0.1130548889
50.703	0.25268555	774.219	0.113164226
51.812	0.25097656	775.328	0.1123988616
52.906	0.24780273	776.422	0.1109774743
54.015	0.24804688	777.531	0.111086816
55.109	0.24926758	778.625	0.1116335016
56.203	0.25146484	779.719	0.1126175359
57.312	0.24951172	780.828	0.1117428388
58.406	0.25317383	781.922	0.1133829003
59.515	0.25366211	783.031	0.1136015745
60.609	0.25341797	784.125	0.1134922374
61.703	0.25244141	785.219	0.1130548889
62.812	0.25537109	786.328	0.1143669345
63.906	0.26123047	787.422	0.1169910347
65.015	0.26245117	788.531	0.1175377204
66.109	0.26098633	789.625	0.1168816976
67.203	0.26220703	790.719	0.1174283832
68.312	0.25976562	791.828	0.1163350074
69.406	0.25292969	792.922	0.1132735631
70.515	0.25561523	794.031	0.1144762716
71.609	0.25390625	795.125	0.1137109117
72.703	0.2565918	796.219	0.1149136246
73.812	0.2590332	797.328	0.116006996
74.906	0.25830078	798.422	0.1156789846
76.015	0.25805664	799.531	0.1155696475
77.109	0.25512695	800.625	0.1142575974
78.203	0.25488281	801.719	0.1141482602
79.312	0.25561523	802.828	0.1144762716
80.406	0.2565918	803.922	0.1149136246
81.515	0.26220703	805.031	0.1174283832
82.609	0.26293945	806.125	0.1177563946
83.718	0.26708984	807.234	0.1196151304
84.812	0.26782227	808.328	0.1199431463
85.906	0.27001953	809.422	0.1209271805
87.015	0.2668457	810.531	0.1195057933
88.109	0.26977539	811.625	0.1208178434
89.218	0.26782227	812.734	0.1199431463
90.312	0.26464844	813.828	0.1185217591
91.406	0.26635742	814.922	0.119287119
92.515	0.26611328	816.031	0.1191777819
93.609	0.26611328	817.125	0.1191777819
94.718	0.26489258	818.234	0.1186310962
95.812	0.265625	819.328	0.1189591076
96.906	0.26538086	820.422	0.1188497705
98.015	0.26538086	821.531	0.1188497705
99.109	0.26489258	822.625	0.1186310962
100.218	0.26416016	823.734	0.1183030848
101.312	0.2668457	824.828	0.1195057933
102.406	0.2644043	825.922	0.1184124219
103.515	0.26318359	827.031	0.1178657318
104.609	0.26391602	828.125	0.1181937477
105.718	0.26464844	829.234	0.1185217591
106.812	0.26293945	830.328	0.1177563946
107.906	0.26489258	831.422	0.1186310962
109.015	0.26293945	832.531	0.1177563946
110.109	0.26489258	833.625	0.1186310962
111.203	0.26416016	834.719	0.1183030848
112.312	0.2668457	835.828	0.1195057933
113.406	0.26757812	836.922	0.1198338047
114.515	0.26367188	838.031	0.1180844105
115.609	0.26538086	839.125	0.1188497705
116.703	0.26538086	840.219	0.1188497705
117.812	0.26708984	841.328	0.1196151304
118.906	0.26757812	842.422	0.1198338047
120.015	0.26538086	843.531	0.1188497705
			0
0.109	0.44628906	843.64	0.1998687936
1.203	0.45336914	844.734	0.2030395795
2.297	0.45678711	845.828	0.2045703039
3.406	0.44873047	846.937	0.2009621695
4.5	0.44897461	848.031	0.2010715066
5.594	0.44995117	849.125	0.2015088552
6.703	0.45288086	850.234	0.2028209053
7.797	0.45654297	851.328	0.2044609668
8.906	0.45703125	852.437	0.204679641
10	0.45654297	853.531	0.2044609668
11.094	0.46142578	854.625	0.2066477139
12.203	0.46069336	855.734	0.2063197025
13.297	0.46362305	856.828	0.2076317526
14.406	0.46289062	857.937	0.2073037368
15.5	0.46606445	859.031	0.208725124
16.594	0.46801758	860.125	0.2095998255
17.703	0.47314453	861.234	0.2118959099
18.797	0.47265625	862.328	0.2116772356
19.906	0.47167969	863.437	0.2112398871
21	0.47631836	864.531	0.2133172971
22.094	0.47753906	865.625	0.2138639828
23.203	0.484375	866.734	0.2169254315
24.297	0.48583984	867.828	0.2175814543
25.406	0.48535156	868.937	0.2173627801
26.5	0.48852539	870.031	0.2187841673
27.687	0.49194336	871.218	0.2203148917
28.75	0.48852539	872.281	0.2187841673
29.844	0.48706055	873.375	0.2181281445
30.953	0.48486328	874.484	0.2171441058
32.047	0.48608398	875.578	0.2176907915
33.156	0.49536133	876.687	0.221845616
34.25	0.49511719	877.781	0.2217362789
35.344	0.49438477	878.875	0.2214082675
36.453	0.4934082	879.984	0.2209709145
37.547	0.49511719	881.078	0.2217362789
38.656	0.4934082	882.187	0.2209709145
39.75	0.4921875	883.281	0.2204242288
40.844	0.49414062	884.375	0.2212989259
41.953	0.49511719	885.484	0.2217362789
43.047	0.49633789	886.578	0.2222829646
44.156	0.49707031	887.687	0.222610976
45.25	0.50097656	888.781	0.2243603746
46.359	0.50170898	889.89	0.224688386
47.453	0.50488281	890.984	0.2261097733
48.547	0.5065918	892.078	0.2268751377
49.656	0.51074219	893.187	0.2287338735
50.75	0.51025391	894.281	0.2285151992
51.859	0.50488281	895.39	0.2261097733
52.953	0.50756836	896.484	0.2273124862
54.047	0.50732422	897.578	0.2272031491
55.156	0.50610352	898.687	0.2266564634
56.25	0.50805664	899.781	0.2275311605
57.359	0.50366211	900.89	0.2255630876
58.453	0.50512695	901.984	0.2262191104
59.547	0.50756836	903.078	0.2273124862
60.656	0.50610352	904.187	0.2266564634
61.75	0.50537109	905.281	0.2263284475
62.859	0.50756836	906.39	0.2273124862
63.953	0.50634766	907.484	0.2267658006
65.047	0.50830078	908.578	0.2276404976
66.156	0.51025391	909.687	0.2285151992
67.25	0.51074219	910.781	0.2287338735
68.359	0.51196289	911.89	0.2292805591
69.453	0.51123047	912.984	0.2289525477
70.547	0.51196289	914.078	0.2292805591
71.656	0.51074219	915.187	0.2287338735
72.75	0.51049805	916.281	0.2286245363
73.844	0.51367188	917.375	0.2300459236
74.953	0.51489258	918.484	0.2305926092
76.047	0.51367188	919.578	0.2300459236
77.156	0.51367188	920.687	0.2300459236
78.25	0.51611328	921.781	0.2311392949
79.344	0.51733398	922.875	0.2316859806
80.453	0.5168457	923.984	0.2314673063
81.547	0.51660156	925.078	0.2313579692
82.656	0.51635742	926.187	0.2312486321
83.75	0.51831055	927.281	0.2321233336
84.844	0.51855469	928.375	0.2322326707
85.953	0.51904297	929.484	0.232451345
87.047	0.51513672	930.578	0.2307019464
88.156	0.51708984	931.687	0.2315766435
89.25	0.5222168	932.781	0.2338727323
90.344	0.52148438	933.875	0.2335447208
91.453	0.52099609	934.984	0.2333260421
92.547	0.51904297	936.078	0.232451345
93.656	0.51660156	937.187	0.2313579692
94.75	0.51831055	938.281	0.2321233336
95.844	0.51928711	939.375	0.2325606822
96.953	0.51928711	940.484	0.2325606822
98.047	0.51953125	941.578	0.2326700193
99.156	0.5222168	942.687	0.2338727323
100.25	0.52270508	943.781	0.2340914065
101.344	0.52563477	944.875	0.2354034566
102.453	0.52856445	945.984	0.2367155022
103.547	0.52612305	947.078	0.2356221309
104.656	0.52294922	948.187	0.2342007437
105.75	0.52563477	949.281	0.2354034566
106.844	0.52026367	950.375	0.2329980307
107.953	0.52050781	951.484	0.2331073678
109.047	0.51928711	952.578	0.2325606822
110.156	0.52001953	953.687	0.2328886936
111.25	0.51928711	954.781	0.2325606822
112.344	0.52294922	955.875	0.2342007437
113.453	0.52001953	956.984	0.2328886936
114.547	0.52441406	958.078	0.2348567665
115.656	0.52587891	959.187	0.2355127938
116.75	0.52661133	960.281	0.2358408052
117.844	0.52661133	961.375	0.2358408052
118.953	0.52685547	962.484	0.2359501423
120.047	0.52563477	963.578	0.2354034566
			0
0.11	0.77148438	963.688	0.3455062339
1.219	0.77416992	964.797	0.3467089424
2.313	0.77880859	965.891	0.3487863524
3.407	0.78076172	966.985	0.349661054
4.516	0.78417969	968.094	0.3511917784
5.61	0.7902832	969.188	0.3539252112
6.719	0.79125977	970.297	0.3543625642
7.813	0.79272461	971.391	0.355018587
8.907	0.7956543	972.485	0.3563306371
10.016	0.79858398	973.594	0.3576426828
11.11	0.80053711	974.688	0.3585173843
12.219	0.8046875	975.797	0.3603761201
13.313	0.80981445	976.891	0.3626722044
14.422	0.8112793	978	0.3633282317
15.516	0.81274414	979.094	0.3639842545
16.61	0.81445312	980.188	0.3647496145
17.719	0.81713867	981.297	0.3659523274
18.813	0.82202148	982.391	0.3681390746
19.922	0.82592773	983.5	0.3698884733
21.016	0.82739258	984.594	0.3705445005
22.11	0.83178711	985.688	0.3725125735
23.219	0.83569336	986.797	0.3742619721
24.313	0.83886719	987.891	0.3756833593
25.422	0.84228516	989	0.3772140837
26.516	0.84741211	990.094	0.379510168
27.61	0.84814453	991.188	0.3798381794
28.719	0.84277344	992.297	0.377432758
29.813	0.84521484	993.391	0.3785261293
30.922	0.84960938	994.5	0.3804942067
32.016	0.85473633	995.594	0.382790291
33.11	0.859375	996.688	0.3848677011
34.219	0.85400391	997.797	0.3824622796
35.313	0.85400391	998.891	0.3824622796
36.407	0.85351562	999.985	0.3822436009
37.516	0.85327148	1001.094	0.3821342637
38.61	0.85009766	1002.188	0.380712881
39.719	0.85473633	1003.297	0.382790291
40.813	0.85644531	1004.391	0.383555651
41.907	0.85717773	1005.485	0.3838836624
43.016	0.85742188	1006.594	0.383993004
44.11	0.85717773	1007.688	0.3838836624
45.219	0.85888672	1008.797	0.3846490268
46.313	0.86010742	1009.891	0.3851957125
47.407	0.86254883	1010.985	0.3862890883
48.516	0.86352539	1012.094	0.3867264369
49.61	0.86523438	1013.188	0.3874918013
50.719	0.86816406	1014.297	0.3888038469
51.813	0.87060547	1015.391	0.3898972227
52.907	0.86767578	1016.485	0.3885851726
54.016	0.86889648	1017.594	0.3891318583
55.11	0.87011719	1018.688	0.3896785485
56.219	0.87304688	1019.797	0.3909905986
57.313	0.87036133	1020.891	0.3897878856
58.407	0.87109375	1021.985	0.390115897
59.516	0.87402344	1023.094	0.3914279471
60.61	0.87353516	1024.188	0.3912092728
61.719	0.87548828	1025.297	0.3920839699
62.813	0.87036133	1026.391	0.3897878856
63.907	0.87304688	1027.485	0.3909905986
65.016	0.87573242	1028.594	0.3921933071
66.11	0.87451172	1029.688	0.3916466214
67.219	0.87915039	1030.797	0.3937240314
68.313	0.87719727	1031.891	0.3928493343
69.407	0.8815918	1032.985	0.3948174073
70.516	0.88232422	1034.094	0.3951454187
71.61	0.88525391	1035.188	0.3964574688
72.719	0.88354492	1036.297	0.3956921043
73.813	0.88452148	1037.391	0.3961294529
74.907	0.89208984	1038.485	0.399518913
76.016	0.89160156	1039.594	0.3993002388
77.11	0.88818359	1040.688	0.3977695144
78.219	0.89306641	1041.797	0.399956266
79.313	0.89233398	1042.891	0.3996282502
80.407	0.89526367	1043.985	0.4009403003
81.516	0.89990234	1045.094	0.4030177103
82.61	0.90356445	1046.188	0.4046577718
83.719	0.90332031	1047.297	0.4045484347
84.813	0.90283203	1048.391	0.4043297604
85.907	0.8984375	1049.485	0.4023616875
87.016	0.89892578	1050.594	0.4025803618
88.11	0.90161133	1051.688	0.4037830747
89.219	0.90722656	1052.797	0.4062978333
90.313	0.9050293	1053.891	0.4053137991
91.407	0.90991211	1054.985	0.4075005463
92.516	0.90893555	1056.094	0.4070631977
93.61	0.91455078	1057.188	0.4095779563
94.719	0.91210938	1058.297	0.408484585
95.813	0.91552734	1059.391	0.4100153049
96.907	0.9152832	1060.485	0.4099059677
98.016	0.9140625	1061.594	0.4093592821
99.11	0.92724609	1062.688	0.4152635008
100.219	0.9309082	1063.797	0.4169035623
101.313	0.93164062	1064.891	0.4172315737
102.407	0.92797852	1065.985	0.4155915167
103.516	0.92407227	1067.094	0.413842118
104.61	0.91918945	1068.188	0.4116553664
105.719	0.92260742	1069.297	0.4131860907
106.813	0.92163086	1070.391	0.4127487422
107.907	0.92089844	1071.485	0.4124207308
109.016	0.91796875	1072.594	0.4111086807
110.11	0.91772461	1073.688	0.4109993436
111.219	0.91674805	1074.797	0.410561995
112.313	0.91943359	1075.891	0.4117647035
113.407	0.91479492	1076.985	0.4096872935
114.516	0.90869141	1078.094	0.4069538606
115.61	0.91674805	1079.188	0.410561995
116.719	0.91552734	1080.297	0.4100153049
117.813	0.9140625	1081.391	0.4093592821
118.922	0.91723633	1082.5	0.4107806693
120.016	0.91479492	1083.594	0.4096872935
			0
0.125	1.46582031	1083.719	0.656461839
1.266	1.46826172	1084.86	0.6575552149
2.359	1.46923828	1085.953	0.6579925634
3.453	1.47558594	1087.047	0.6608353379
4.562	1.48291016	1088.156	0.6641154609
5.656	1.4909668	1089.25	0.6677235953
6.766	1.48486328	1090.36	0.664990158
7.859	1.48876953	1091.453	0.6667395566
8.953	1.48754883	1092.547	0.6661928709
10.062	1.49072266	1093.656	0.6676142582
11.156	1.4831543	1094.75	0.664224798
12.266	1.48681641	1095.86	0.6658648595
13.359	1.48266602	1096.953	0.6640061237
14.453	1.48754883	1098.047	0.6661928709
15.562	1.48876953	1099.156	0.6667395566
16.656	1.48583984	1100.25	0.6654275065
17.766	1.48413086	1101.36	0.6646621466
18.859	1.48071289	1102.453	0.6631314222
19.953	1.48852539	1103.547	0.6666302195
21.062	1.4831543	1104.656	0.664224798
22.156	1.48535156	1105.75	0.6652088322
23.266	1.48730469	1106.86	0.6660835338
24.359	1.48730469	1107.953	0.6660835338
25.453	1.49511719	1109.047	0.6695823311
26.562	1.5012207	1110.156	0.6723157639
27.656	1.50073242	1111.25	0.6720970897
28.766	1.49755859	1112.36	0.6706757024
29.859	1.50390625	1113.453	0.6735184769
30.953	1.50634766	1114.547	0.6746118527
32.062	1.50976562	1115.656	0.6761425726
33.156	1.50830078	1116.75	0.6754865498
34.266	1.50830078	1117.86	0.6754865498
35.359	1.50561523	1118.953	0.6742838368
36.453	1.50610352	1120.047	0.6745025156
37.562	1.49511719	1121.156	0.6695823311
38.656	1.49462891	1122.25	0.6693636568
39.766	1.49609375	1123.36	0.6700196796
40.859	1.49926758	1124.453	0.6714410668
41.953	1.49804688	1125.547	0.6708943812
43.062	1.49438477	1126.656	0.6692543197
44.156	1.50048828	1127.75	0.6719877525
45.266	1.50024414	1128.86	0.6718784154
46.359	1.49633789	1129.953	0.6701290167
47.453	1.49658203	1131.047	0.6702383539
48.562	1.49682617	1132.156	0.670347691
49.656	1.50195312	1133.25	0.6726437753
50.766	1.49853516	1134.36	0.6711130554
51.859	1.49389648	1135.453	0.6690356409
52.953	1.49511719	1136.547	0.6695823311
54.062	1.49511719	1137.656	0.6695823311
55.156	1.49389648	1138.75	0.6690356409
56.266	1.49926758	1139.86	0.6714410668
57.359	1.49121094	1140.953	0.6678329324
58.453	1.49829102	1142.047	0.6710037183
59.562	1.49731445	1143.156	0.6705663653
60.656	1.49731445	1144.25	0.6705663653
61.766	1.50048828	1145.36	0.6719877525
62.859	1.49975586	1146.453	0.6716597411
63.953	1.50512695	1147.547	0.6740651626
65.062	1.50927734	1148.656	0.6759238983
66.156	1.5090332	1149.75	0.6758145612
67.266	1.51049805	1150.86	0.6764705885
68.359	1.51196289	1151.953	0.6771266113
69.453	1.51782227	1153.047	0.6797507115
70.562	1.52148438	1154.156	0.681390773
71.656	1.51977539	1155.25	0.6806254086
72.766	1.51855469	1156.36	0.6800787229
73.859	1.51757812	1157.453	0.6796413699
74.953	1.51733398	1158.547	0.6795320328
76.062	1.51733398	1159.656	0.6795320328
77.156	1.51416016	1160.75	0.67811065
78.266	1.51806641	1161.86	0.6798600486
79.359	1.5246582	1162.953	0.6828121558
80.453	1.52294922	1164.047	0.6820467958
81.562	1.51757812	1165.156	0.6796413699
82.656	1.51879883	1166.25	0.6801880601
83.766	1.51318359	1167.36	0.677673297
84.859	1.51391602	1168.453	0.6780013129
85.953	1.51220703	1169.547	0.6772359484
87.062	1.51293945	1170.656	0.6775639599
88.156	1.52612305	1171.75	0.6834681831
89.266	1.52612305	1172.86	0.6834681831
90.359	1.52075195	1173.953	0.6810627571
91.453	1.51269531	1175.047	0.6774546227
92.562	1.51513672	1176.156	0.6785479985
93.656	1.51513672	1177.25	0.6785479985
94.766	1.51855469	1178.36	0.6800787229
95.859	1.51171875	1179.453	0.6770172742
96.953	1.51025391	1180.547	0.6763612514
98.062	1.51123047	1181.656	0.6767985999
99.156	1.50927734	1182.75	0.6759238983
100.266	1.50952148	1183.86	0.6760332355
101.359	1.50512695	1184.953	0.6740651626
102.453	1.50537109	1186.047	0.6741744997
103.562	1.50512695	1187.156	0.6740651626
104.656	1.50634766	1188.25	0.6746118527
105.766	1.50610352	1189.36	0.6745025156
106.859	1.50024414	1190.453	0.6718784154
107.953	1.49609375	1191.547	0.6700196796
109.062	1.49487305	1192.656	0.6694729939
110.156	1.49902344	1193.75	0.6713317297
111.266	1.49780273	1194.86	0.6707850396
112.359	1.49853516	1195.953	0.6711130554
113.453	1.50292969	1197.047	0.6730811284
114.562	1.50146484	1198.156	0.6724251011
115.656	1.50292969	1199.25	0.6730811284
116.766	1.50366211	1200.36	0.6734091398
117.859	1.50415039	1201.453	0.673627814
118.953	1.50854492	1202.547	0.6755958869
120.062	1.51074219	1203.656	0.6765799256
			0
0.11	1.78588867	1203.766	0.7998031905
1.204	1.78564453	1204.86	0.7996938533
2.297	1.78979492	1205.953	0.8015525891
3.391	1.79541016	1207.047	0.8040673522
4.5	1.79882812	1208.156	0.8055980721
5.594	1.80395508	1209.25	0.8078941609
6.704	1.80566406	1210.36	0.8086595208
7.797	1.80786133	1211.453	0.8096435595
8.891	1.81054688	1212.547	0.8108462725
10	1.8203125	1213.656	0.8152197668
11.094	1.82446289	1214.75	0.8170785026
12.204	1.82666016	1215.86	0.8180625413
13.297	1.82714844	1216.953	0.8182812156
14.391	1.83129883	1218.047	0.8201399514
15.5	1.83520508	1219.156	0.82188935
16.594	1.83740234	1220.25	0.8228733842
17.704	1.83764648	1221.36	0.8229827213
18.797	1.84057617	1222.453	0.8242947714
19.891	1.84301758	1223.547	0.8253881473
21	1.8449707	1224.656	0.8262628444
22.094	1.84326172	1225.75	0.8254974844
23.204	1.84790039	1226.86	0.8275748945
24.297	1.85107422	1227.953	0.8289962817
25.391	1.85839844	1229.047	0.8322764047
26.5	1.86108398	1230.156	0.8334791132
27.594	1.86987305	1231.25	0.8374152635
28.704	1.87304688	1232.36	0.8388366507
29.797	1.87255859	1233.453	0.838617972
30.891	1.87255859	1234.547	0.838617972
32	1.87207031	1235.656	0.8383992977
33.094	1.87182617	1236.75	0.8382899606
34.204	1.86987305	1237.86	0.8374152635
35.297	1.87255859	1238.953	0.838617972
36.391	1.87573242	1240.047	0.8400393592
37.5	1.87451172	1241.156	0.8394926735
38.594	1.87646484	1242.25	0.8403673706
39.704	1.88378906	1243.36	0.8436474936
40.797	1.88110352	1244.453	0.8424447851
41.891	1.87597656	1245.547	0.8401486964
43	1.87915039	1246.656	0.8415700836
44.094	1.88891602	1247.75	0.8459435824
45.204	1.88208008	1248.86	0.8428821337
46.297	1.8828125	1249.953	0.8432101451
47.391	1.88452148	1251.047	0.843975505
48.5	1.88305664	1252.156	0.8433194822
49.594	1.88549805	1253.25	0.8444128581
50.704	1.8894043	1254.36	0.8461622567
51.797	1.88793945	1255.453	0.8455062294
52.891	1.88769531	1256.547	0.8453968923
54	1.890625	1257.656	0.8467089424
55.094	1.8894043	1258.75	0.8461622567
56.204	1.89013672	1259.86	0.8464902681
57.297	1.89257812	1260.953	0.8475836395
58.391	1.89111328	1262.047	0.8469276166
59.5	1.89501953	1263.156	0.8486770153
60.594	1.89331055	1264.25	0.8479116553
61.704	1.89428711	1265.36	0.8483490039
62.797	1.89428711	1266.453	0.8483490039
63.891	1.89477539	1267.547	0.8485676782
65	1.89550781	1268.656	0.8488956896
66.094	1.89819336	1269.75	0.8500984025
67.204	1.89916992	1270.86	0.8505357511
68.297	1.90356445	1271.953	0.852503824
69.391	1.90698242	1273.047	0.8540345483
70.5	1.90258789	1274.156	0.8520664754
71.594	1.90307617	1275.25	0.8522851497
72.704	1.90380859	1276.36	0.8526131611
73.797	1.90478516	1277.453	0.8530505141
74.891	1.90625	1278.547	0.8537065369
76	1.90869141	1279.656	0.8547999128
77.094	1.90893555	1280.75	0.8549092499
78.204	1.90356445	1281.86	0.852503824
79.297	1.90576172	1282.953	0.8534878627
80.391	1.91040039	1284.047	0.8555652727
81.5	1.90673828	1285.156	0.8539252112
82.594	1.90405273	1286.25	0.8527224982
83.704	1.90258789	1287.36	0.8520664754
84.797	1.90356445	1288.453	0.852503824
85.891	1.90356445	1289.547	0.852503824
87	1.90771484	1290.656	0.8543625598
88.094	1.90869141	1291.75	0.8547999128
89.204	1.91357422	1292.86	0.85698666
90.297	1.91601562	1293.953	0.8580800313
91.391	1.91748047	1295.047	0.8587360586
92.5	1.92016602	1296.156	0.8599387716
93.594	1.92382812	1297.25	0.8615788286
94.704	1.92333984	1298.36	0.8613601543
95.797	1.92041016	1299.453	0.8600481087
96.891	1.91772461	1300.547	0.8588453957
98	1.91601562	1301.656	0.8580800313
99.094	1.91503906	1302.75	0.8576426828
100.204	1.91674805	1303.86	0.8584080472
101.297	1.91479492	1304.953	0.8575333456
102.391	1.92041016	1306.047	0.8600481087
103.5	1.92358398	1307.156	0.8614694915
104.594	1.92578125	1308.25	0.8624535302
105.704	1.92138672	1309.36	0.8604854572
106.797	1.92138672	1310.453	0.8604854572
107.891	1.92211914	1311.547	0.8608134686
109	1.92382812	1312.656	0.8615788286
110.094	1.92529297	1313.75	0.8622348559
111.204	1.92285156	1314.86	0.86114148
112.297	1.92651367	1315.953	0.8627815416
113.391	1.92114258	1317.047	0.8603761201
114.5	1.91821289	1318.156	0.85906407
115.594	1.921875	1319.25	0.8607041315
116.704	1.91943359	1320.36	0.8596107557
117.797	1.91894531	1321.453	0.8593920814
118.891	1.92089844	1322.547	0.860266783
120	1.91943359	1323.656	0.8596107557
			0
0.094	1.99829102	1323.75	0.8949267444
1.203	1.99389648	1324.859	0.892958667
2.313	2.00561523	1325.969	0.8982068629
3.406	2.00708008	1327.062	0.8988628902
4.5	2.00976562	1328.156	0.9000655987
5.609	2.01098633	1329.265	0.9006122889
6.703	2.01196289	1330.359	0.9010496374
7.813	2.01196289	1331.469	0.9010496374
8.906	2.00927734	1332.562	0.8998469244
10	2.00976562	1333.656	0.9000655987
11.109	2.01025391	1334.765	0.9002842774
12.203	2.01147461	1335.859	0.9008309631
13.313	2.01538086	1336.969	0.9025803618
14.406	2.01196289	1338.062	0.9010496374
15.5	2.01464844	1339.156	0.9022523504
16.609	2.01513672	1340.265	0.9024710246
17.703	2.015625	1341.359	0.9026896989
18.813	2.01757812	1342.469	0.903564396
19.906	2.02124023	1343.562	0.9052044575
21	2.02148438	1344.656	0.9053137991
22.109	2.02563477	1345.765	0.9071725349
23.203	2.02734375	1346.859	0.9079378948
24.313	2.02807617	1347.969	0.9082659062
25.406	2.02856445	1349.062	0.9084845805
26.5	2.03051758	1350.156	0.9093592821
27.609	2.03295898	1351.265	0.9104526534
28.703	2.03320312	1352.359	0.9105619905
29.813	2.03637695	1353.469	0.9119833778
30.906	2.03466797	1354.562	0.9112180178
32	2.03173828	1355.656	0.9099059677
33.109	2.03173828	1356.765	0.9099059677
34.203	2.03393555	1357.859	0.9108900064
35.313	2.03344727	1358.969	0.9106713322
36.406	2.03637695	1360.062	0.9119833778
37.5	2.03759766	1361.156	0.9125300679
38.609	2.03369141	1362.265	0.9107806693
39.703	2.03881836	1363.359	0.9130767536
40.813	2.02661133	1364.469	0.9076098834
41.906	2.0390625	1365.562	0.9131860907
43	2.04272461	1366.656	0.9148261523
44.109	2.04516602	1367.765	0.9159195281
45.203	2.03613281	1368.859	0.9118740406
46.313	2.0402832	1369.969	0.9137327764
47.406	2.04101562	1371.062	0.9140607878
48.5	2.03955078	1372.156	0.913404765
49.609	2.0378418	1373.265	0.9126394051
50.703	2.03979492	1374.359	0.9135141022
51.813	2.04150391	1375.469	0.9142794666
52.906	2.04296875	1376.562	0.9149354894
54	2.04516602	1377.656	0.9159195281
55.109	2.04418945	1378.765	0.9154821751
56.203	2.04101562	1379.859	0.9140607878
57.313	2.04296875	1380.969	0.9149354894
58.406	2.04614258	1382.062	0.9163568766
59.5	2.04394531	1383.156	0.9153728379
60.609	2.03393555	1384.265	0.9108900064
61.703	2.03881836	1385.359	0.9130767536
62.813	2.0390625	1386.469	0.9131860907
63.906	2.03759766	1387.562	0.9125300679
65	2.03759766	1388.656	0.9125300679
66.109	2.03613281	1389.765	0.9118740406
67.203	2.03955078	1390.859	0.913404765
68.313	2.0324707	1391.969	0.9102339791
69.406	2.03466797	1393.062	0.9112180178
70.5	2.03344727	1394.156	0.9106713322
71.609	2.03320312	1395.265	0.9105619905
72.703	2.03442383	1396.359	0.9111086807
73.813	2.01782227	1397.469	0.9036737376
74.906	2.02197266	1398.562	0.9055324734
76	2.02270508	1399.656	0.9058604848
77.109	2.02270508	1400.765	0.9058604848
78.203	2.02270508	1401.859	0.9058604848
79.313	2.02441406	1402.969	0.9066258447
80.406	2.02416992	1404.062	0.9065165076
81.5	2.02734375	1405.156	0.9079378948
82.609	2.03027344	1406.265	0.9092499449
83.703	2.0324707	1407.359	0.9102339791
84.813	2.03271484	1408.469	0.9103433163
85.906	2.03637695	1409.562	0.9119833778
87	2.03808594	1410.656	0.9127487422
88.109	2.0378418	1411.765	0.9126394051
89.203	2.04150391	1412.859	0.9142794666
90.313	2.0402832	1413.969	0.9137327764
91.406	2.03833008	1415.062	0.9128580793
92.5	2.04321289	1416.156	0.9150448265
93.609	2.04443359	1417.265	0.9155915122
94.703	2.0480957	1418.359	0.9172315737
95.813	2.04492188	1419.469	0.9158101909
96.906	2.04931641	1420.562	0.9177782639
98	2.04589844	1421.656	0.9162475395
99.109	2.04882812	1422.765	0.9175595851
100.203	2.05249023	1423.859	0.9191996466
101.313	2.05151367	1424.969	0.9187622981
102.406	2.0546875	1426.062	0.9201836853
103.5	2.05566406	1427.156	0.9206210339
104.609	2.05273438	1428.265	0.9193089882
105.703	2.05419922	1429.359	0.919965011
106.813	2.05224609	1430.469	0.9190903095
107.906	2.05297852	1431.562	0.9194183254
109	2.05419922	1432.656	0.919965011
110.109	2.05859375	1433.765	0.921933084
111.203	2.05712891	1434.859	0.9212770611
112.313	2.05883789	1435.969	0.9220424211
113.406	2.06005859	1437.062	0.9225891068
114.5	2.06005859	1438.156	0.9225891068
115.609	2.05664062	1439.265	0.9210583824
116.703	2.05615234	1440.359	0.9208397081
117.813	2.05566406	1441.469	0.9206210339
118.906	2.05566406	1442.562	0.9206210339
120	2.05834961	1443.656	0.9218237468
			0
0.094	2.12597656	1443.75	0.9521102094
1.203	2.12597656	1444.859	0.9521102094
2.313	2.13232422	1445.969	0.9549529839
3.406	2.12988281	1447.062	0.953859608
4.5	2.13110352	1448.156	0.9544062982
5.609	2.13378906	1449.265	0.9556090067
6.703	2.13696289	1450.359	0.9570303939
7.813	2.13476562	1451.469	0.9560463552
8.906	2.14086914	1452.562	0.9587797926
10	2.14208984	1453.656	0.9593264782
11.109	2.14379883	1454.765	0.9600918427
12.203	2.14306641	1455.859	0.9597638313
13.313	2.14477539	1456.969	0.9605291912
14.406	2.14624023	1458.062	0.961185214
15.5	2.14868164	1459.156	0.9622785898
16.609	2.14746094	1460.265	0.9617319042
17.703	2.14892578	1461.359	0.962387927
18.813	2.14892578	1462.469	0.962387927
19.906	2.15405273	1463.562	0.9646840113
21	2.1550293	1464.656	0.9651213643
22.109	2.15478516	1465.765	0.9650120272
23.203	2.15527344	1466.859	0.9652307014
24.313	2.15698242	1467.969	0.9659960614
25.406	2.15698242	1469.062	0.9659960614
26.5	2.15576172	1470.156	0.9654493757
27.609	2.1574707	1471.265	0.9662147357
28.703	2.15722656	1472.359	0.9661053985
29.813	2.15771484	1473.469	0.9663240728
30.906	2.15893555	1474.562	0.966870763
32	2.16088867	1475.656	0.96774546
33.109	2.16259766	1476.765	0.9685108245
34.203	2.16674805	1477.859	0.9703695602
35.313	2.16137695	1478.969	0.9679641343
36.406	2.16430664	1480.062	0.9692761844
37.5	2.1628418	1481.156	0.9686201616
38.609	2.16430664	1482.265	0.9692761844
39.703	2.16259766	1483.359	0.9685108245
40.813	2.16186523	1484.469	0.9681828086
41.906	2.16162109	1485.562	0.9680734714
43	2.16650391	1486.656	0.9702602231
44.109	2.1640625	1487.765	0.9691668473
45.203	2.16967773	1488.859	0.9716816059
46.313	2.16796875	1489.969	0.9709162459
47.406	2.17211914	1491.062	0.9727749817
48.5	2.17041016	1492.156	0.9720096217
49.609	2.17236328	1493.265	0.9728843188
50.703	2.17114258	1494.359	0.9723376331
51.813	2.1730957	1495.469	0.9732123302
52.906	2.17651367	1496.562	0.9747430546
54	2.17944336	1497.656	0.9760551047
55.109	2.17724609	1498.765	0.975071066
56.203	2.17333984	1499.859	0.9733216674
57.313	2.17480469	1500.969	0.9739776947
58.406	2.17529297	1502.062	0.9741963689
59.5	2.17749023	1503.156	0.9751804031
60.609	2.17797852	1504.265	0.9753990819
61.703	2.17919922	1505.359	0.9759457676
62.813	2.17895508	1506.469	0.9758364304
63.906	2.18139648	1507.562	0.9769298018
65	2.18164062	1508.656	0.9770391389
66.109	2.1809082	1509.765	0.9767111275
67.203	2.18457031	1510.859	0.978351189
68.313	2.18725586	1511.969	0.979553902
69.406	2.18676758	1513.062	0.9793352277
70.5	2.18798828	1514.156	0.9798819134
71.609	2.1862793	1515.265	0.9791165534
72.703	2.18847656	1516.359	0.9801005877
73.813	2.18847656	1517.469	0.9801005877
74.906	2.1875	1518.562	0.9796632391
76	2.19116211	1519.656	0.9813033006
77.109	2.19189453	1520.765	0.981631312
78.203	2.19213867	1521.859	0.9817406492
79.313	2.19433594	1522.969	0.9827246879
80.406	2.1940918	1524.062	0.9826153507
81.5	2.19287109	1525.156	0.9820686606
82.609	2.19213867	1526.265	0.9817406492
83.703	2.19458008	1527.359	0.982834025
84.813	2.19238281	1528.469	0.9818499863
85.906	2.19384766	1529.562	0.9825060136
87	2.19360352	1530.656	0.9823966765
88.109	2.19433594	1531.765	0.9827246879
89.203	2.19433594	1532.859	0.9827246879
90.313	2.19287109	1533.969	0.9820686606
91.406	2.19360352	1535.062	0.9823966765
92.5	2.19897461	1536.156	0.9848020979
93.609	2.19775391	1537.265	0.9842554122
94.703	2.19604492	1538.359	0.9834900478
95.813	2.1965332	1539.469	0.9837087221
96.906	2.19677734	1540.562	0.9838180592
98	2.19604492	1541.656	0.9834900478
99.109	2.19458008	1542.765	0.982834025
100.203	2.19726562	1543.859	0.9840367335
101.313	2.1965332	1544.969	0.9837087221
102.406	2.19604492	1546.062	0.9834900478
103.5	2.19433594	1547.156	0.9827246879
104.609	2.19628906	1548.265	0.9835993849
105.703	2.1965332	1549.359	0.9837087221
106.813	2.19799805	1550.469	0.9843647494
107.906	2.19726562	1551.562	0.9840367335
109	2.19677734	1552.656	0.9838180592
110.109	2.19702148	1553.765	0.9839273963
111.203	2.19726562	1554.859	0.9840367335
112.313	2.19555664	1555.969	0.9832713735
113.406	2.19580078	1557.062	0.9833807107
114.5	2.19384766	1558.156	0.9825060136
115.609	2.19482422	1559.265	0.9829433621
116.703	2.19458008	1560.359	0.982834025
117.813	2.1965332	1561.469	0.9837087221
118.906	2.19433594	1562.562	0.9827246879
120	2.19458008	1563.656	0.982834025
			0
0.109	2.21606445	1563.765	0.9924557153
1.188	2.21655273	1564.844	0.9926743896
2.281	2.21630859	1565.937	0.9925650524
3.375	2.21069336	1567.031	0.9900502938
4.484	2.20288086	1568.14	0.9865514965
5.578	2.20288086	1569.234	0.9865514965
6.688	2.21191406	1570.344	0.9905969795
7.781	2.21508789	1571.437	0.9920183667
8.875	2.21606445	1572.531	0.9924557153
9.984	2.21337891	1573.64	0.9912530068
11.078	2.21582031	1574.734	0.9923463781
12.188	2.21728516	1575.844	0.9930024054
13.281	2.21777344	1576.937	0.9932210797
14.375	2.21923828	1578.031	0.9938771025
15.484	2.21826172	1579.14	0.993439754
16.578	2.22021484	1580.234	0.9943144511
17.688	2.21923828	1581.344	0.9938771025
18.781	2.21801758	1582.437	0.9933304168
19.875	2.21801758	1583.531	0.9933304168
20.984	2.21923828	1584.64	0.9938771025
22.078	2.21875	1585.734	0.9936584282
23.188	2.21899414	1586.844	0.9937677654
24.281	2.22143555	1587.937	0.9948611412
25.375	2.2199707	1589.031	0.9942051139
26.484	2.22021484	1590.14	0.9943144511
27.578	2.21948242	1591.234	0.9939864397
28.688	2.22094727	1592.344	0.9946424669
29.781	2.21923828	1593.437	0.9938771025
30.875	2.21948242	1594.531	0.9939864397
31.984	2.21899414	1595.64	0.9937677654
33.078	2.21972656	1596.734	0.9940957768
34.188	2.21533203	1597.844	0.9921277039
35.281	2.21533203	1598.937	0.9921277039
36.375	2.21655273	1600.031	0.9926743896
37.484	2.21630859	1601.14	0.9925650524
38.578	2.21606445	1602.234	0.9924557153
39.688	2.21630859	1603.344	0.9925650524
40.781	2.21948242	1604.437	0.9939864397
41.875	2.21923828	1605.531	0.9938771025
42.984	2.21630859	1606.64	0.9925650524
44.078	2.21313477	1607.734	0.9911436697
45.188	2.21533203	1608.844	0.9921277039
46.281	2.21704102	1609.937	0.9928930683
47.375	2.21630859	1611.031	0.9925650524
48.484	2.21459961	1612.14	0.9917996925
49.578	2.21557617	1613.234	0.992237041
50.688	2.21459961	1614.344	0.9917996925
51.781	2.21313477	1615.437	0.9911436697
52.875	2.21484375	1616.531	0.9919090296
53.984	2.21557617	1617.64	0.992237041
55.078	2.21533203	1618.734	0.9921277039
56.188	2.21630859	1619.844	0.9925650524
57.281	2.21508789	1620.937	0.9920183667
58.375	2.2175293	1622.031	0.9931117426
59.484	2.21801758	1623.14	0.9933304168
60.578	2.21728516	1624.234	0.9930024054
61.688	2.21484375	1625.344	0.9919090296
62.781	2.21679688	1626.437	0.9927837312
63.875	2.21557617	1627.531	0.992237041
64.984	2.2175293	1628.64	0.9931117426
66.078	2.21704102	1629.734	0.9928930683
67.188	2.21679688	1630.844	0.9927837312
68.281	2.21679688	1631.937	0.9927837312
69.375	2.21801758	1633.031	0.9933304168
70.484	2.21533203	1634.14	0.9921277039
71.578	2.21655273	1635.234	0.9926743896
72.688	2.21582031	1636.344	0.9923463781
73.781	2.21655273	1637.437	0.9926743896
74.875	2.21875	1638.531	0.9936584282
75.984	2.21948242	1639.64	0.9939864397
77.078	2.21972656	1640.734	0.9940957768
78.188	2.21899414	1641.844	0.9937677654
79.281	2.22119141	1642.937	0.9947518041
80.375	2.22119141	1644.031	0.9947518041
81.484	2.22509766	1645.14	0.9965012027
82.578	2.22338867	1646.234	0.9957358383
83.688	2.22265625	1647.344	0.9954078269
84.781	2.22363281	1648.437	0.9958451754
85.875	2.22387695	1649.531	0.9959545126
86.984	2.22460938	1650.64	0.9962825284
88.078	2.22387695	1651.734	0.9959545126
89.188	2.22607422	1652.844	0.9969385513
90.281	2.22509766	1653.937	0.9965012027
91.375	2.22412109	1655.031	0.9960638497
92.484	2.22436523	1656.14	0.9961731868
93.578	2.2253418	1657.234	0.9966105399
94.688	2.22558594	1658.344	0.996719877
95.781	2.22192383	1659.437	0.9950798155
96.875	2.22265625	1660.531	0.9954078269
97.984	2.22509766	1661.64	0.9965012027
99.078	2.22607422	1662.734	0.9969385513
100.188	2.22705078	1663.844	0.9973758998
101.281	2.22607422	1664.937	0.9969385513
102.375	2.22705078	1666.031	0.9973758998
103.484	2.22363281	1667.14	0.9958451754
104.578	2.22729492	1668.234	0.9974852369
105.688	2.22705078	1669.344	0.9973758998
106.781	2.22729492	1670.437	0.9974852369
107.875	2.22583008	1671.531	0.9968292141
108.984	2.22485352	1672.64	0.9963918656
110.078	2.22558594	1673.734	0.996719877
111.188	2.22729492	1674.844	0.9974852369
112.281	2.2277832	1675.937	0.9977039112
113.375	2.22827148	1677.031	0.9979225855
114.484	2.22924805	1678.14	0.9983599385
115.578	2.23022461	1679.234	0.998797287
116.688	2.23046875	1680.344	0.9989066242
117.781	2.22973633	1681.437	0.9985786128
118.875	2.23168945	1682.531	0.9994533098
119.984	2.23046875	1683.64	0.9989066242
121.078	2.23291016	1684.734	1
			0
0.11	2.20336914	1684.844	0.9867701708
1.203	2.20385742	1685.937	0.9869888451
2.297	2.20043945	1687.031	0.9854581207
3.407	2.20336914	1688.141	0.9867701708
4.5	2.2043457	1689.234	0.9872075194
5.594	2.2043457	1690.328	0.9872075194
6.703	2.20288086	1691.437	0.9865514965
7.797	2.19921875	1692.531	0.984911435
8.907	2.19970703	1693.641	0.9851301093
10	2.19995117	1694.734	0.9852394464
11.094	2.19897461	1695.828	0.9848020979
12.203	2.19897461	1696.937	0.9848020979
13.297	2.20117188	1698.031	0.9857861366
14.407	2.19897461	1699.141	0.9848020979
15.5	2.19970703	1700.234	0.9851301093
16.594	2.20141602	1701.328	0.9858954737
17.703	2.20068359	1702.437	0.9855674579
18.797	2.19897461	1703.531	0.9848020979
19.907	2.20166016	1704.641	0.9860048109
21	2.20288086	1705.734	0.9865514965
22.094	2.19799805	1706.828	0.9843647494
23.203	2.20117188	1707.937	0.9857861366
24.297	2.2019043	1709.031	0.986114148
25.407	2.20043945	1710.141	0.9854581207
26.5	2.19970703	1711.234	0.9851301093
27.594	2.19946289	1712.328	0.9850207722
28.703	2.19897461	1713.437	0.9848020979
29.797	2.19799805	1714.531	0.9843647494
30.907	2.19897461	1715.641	0.9848020979
32	2.19702148	1716.734	0.9839273963
33.094	2.19921875	1717.828	0.984911435
34.203	2.19750977	1718.937	0.9841460751
35.297	2.20385742	1720.031	0.9869888451
36.407	2.19799805	1721.141	0.9843647494
37.5	2.19726562	1722.234	0.9840367335
38.594	2.19628906	1723.328	0.9835993849
39.703	2.19506836	1724.437	0.9830526993
40.797	2.19824219	1725.531	0.9844740865
41.907	2.19702148	1726.641	0.9839273963
43	2.1953125	1727.734	0.9831620364
44.094	2.19726562	1728.828	0.9840367335
45.203	2.1965332	1729.937	0.9837087221
46.297	2.19433594	1731.031	0.9827246879
47.407	2.1940918	1732.141	0.9826153507
48.5	2.19677734	1733.234	0.9838180592
49.594	2.19604492	1734.328	0.9834900478
50.703	2.19702148	1735.437	0.9839273963
51.797	2.19482422	1736.531	0.9829433621
52.907	2.19506836	1737.641	0.9830526993
54	2.19677734	1738.734	0.9838180592
55.094	2.19335938	1739.828	0.9822873393
56.203	2.19335938	1740.937	0.9822873393
57.297	2.19287109	1742.031	0.9820686606
58.407	2.19506836	1743.141	0.9830526993
59.5	2.19433594	1744.234	0.9827246879
60.594	2.19458008	1745.328	0.982834025
61.703	2.19238281	1746.437	0.9818499863
62.797	2.19482422	1747.531	0.9829433621
63.907	2.19287109	1748.641	0.9820686606
65	2.19506836	1749.734	0.9830526993
66.094	2.19311523	1750.828	0.9821779977
67.203	2.19018555	1751.937	0.9808659521
68.297	2.19042969	1753.031	0.9809752892
69.407	2.18994141	1754.141	0.9807566149
70.5	2.18798828	1755.234	0.9798819134
71.594	2.19165039	1756.328	0.9815219749
72.703	2.19189453	1757.437	0.981631312
73.797	2.19067383	1758.531	0.9810846264
74.907	2.19140625	1759.641	0.9814126378
76	2.19238281	1760.734	0.9818499863
77.094	2.19238281	1761.828	0.9818499863
78.203	2.19262695	1762.937	0.9819593234
79.297	2.19042969	1764.031	0.9809752892
80.407	2.19018555	1765.141	0.9808659521
81.5	2.19311523	1766.234	0.9821779977
82.594	2.18994141	1767.328	0.9807566149
83.703	2.1887207	1768.437	0.9802099248
84.797	2.19165039	1769.531	0.9815219749
85.907	2.19189453	1770.641	0.981631312
87	2.18969727	1771.734	0.9806472778
88.094	2.19482422	1772.828	0.9829433621
89.203	2.19384766	1773.937	0.9825060136
90.297	2.19116211	1775.031	0.9813033006
91.407	2.19384766	1776.141	0.9825060136
92.5	2.19067383	1777.234	0.9810846264
93.594	2.19384766	1778.328	0.9825060136
94.703	2.1940918	1779.437	0.9826153507
95.797	2.19482422	1780.531	0.9829433621
96.907	2.19555664	1781.641	0.9832713735
98	2.19433594	1782.734	0.9827246879
99.094	2.19360352	1783.828	0.9823966765
100.203	2.1940918	1784.937	0.9826153507
101.297	2.19433594	1786.031	0.9827246879
102.407	2.19360352	1787.141	0.9823966765
103.5	2.19335938	1788.234	0.9822873393
104.594	2.19433594	1789.328	0.9827246879
105.703	2.19506836	1790.437	0.9830526993
106.797	2.19555664	1791.531	0.9832713735
107.907	2.1953125	1792.641	0.9831620364
109	2.19750977	1793.734	0.9841460751
110.094	2.19677734	1794.828	0.9838180592
111.203	2.19677734	1795.937	0.9838180592
112.297	2.19897461	1797.031	0.9848020979
113.407	2.19506836	1798.141	0.9830526993
114.5	2.19360352	1799.234	0.9823966765
115.594	2.19287109	1800.328	0.9820686606
116.703	2.18969727	1801.437	0.9806472778
117.797	2.19189453	1802.531	0.981631312
118.907	2.19067383	1803.641	0.9810846264
120	2.19262695	1804.734	0.9819593234
			0
0.109	1.97827148	1804.843	0.8859610724
1.188	1.97583008	1805.922	0.8848677011
2.281	1.97119141	1807.015	0.882790291
3.375	1.96923828	1808.109	0.8819155895
4.484	1.96704102	1809.218	0.8809315553
5.578	1.96484375	1810.312	0.8799475166
6.688	1.96655273	1811.422	0.8807128765
7.781	1.96313477	1812.515	0.8791821566
8.875	1.96435547	1813.609	0.8797288423
9.984	1.96264648	1814.718	0.8789634779
11.078	1.96069336	1815.812	0.8780887808
12.188	1.95922852	1816.922	0.877432758
13.281	1.95605469	1818.015	0.8760113707
14.375	1.95361328	1819.109	0.8749179949
15.484	1.95263672	1820.218	0.8744806464
16.578	1.94995117	1821.312	0.8732779334
17.688	1.94995117	1822.422	0.8732779334
18.781	1.94995117	1823.515	0.8732779334
19.875	1.93994141	1824.609	0.8687951019
20.984	1.93676758	1825.718	0.8673737147
22.078	1.94018555	1826.812	0.868904439
23.188	1.93969727	1827.922	0.8686857648
24.281	1.94091797	1829.015	0.8692324504
25.375	1.9362793	1830.109	0.8671550404
26.484	1.93334961	1831.218	0.8658429903
27.578	1.93066406	1832.312	0.8646402773
28.688	1.92944336	1833.422	0.8640935917
29.781	1.93041992	1834.515	0.8645309402
30.875	1.92456055	1835.609	0.8619068445
31.984	1.92163086	1836.718	0.8605947944
33.078	1.91845703	1837.812	0.8591734071
34.188	1.92236328	1838.922	0.8609228058
35.281	1.92407227	1840.015	0.8616881702
36.375	1.92626953	1841.109	0.8626722044
37.484	1.93237305	1842.218	0.8654056418
38.578	1.9309082	1843.312	0.8647496145
39.688	1.92504883	1844.422	0.8621255187
40.781	1.93188477	1845.515	0.8651869675
41.875	1.93041992	1846.609	0.8645309402
42.984	1.93115234	1847.718	0.8648589516
44.078	1.92480469	1848.812	0.8620161816
45.188	1.92163086	1849.922	0.8605947944
46.281	1.91821289	1851.015	0.85906407
47.375	1.91992188	1852.109	0.8598294344
48.484	1.91674805	1853.218	0.8584080472
49.578	1.91040039	1854.312	0.8555652727
50.688	1.9206543	1855.422	0.8601574458
51.781	1.92333984	1856.515	0.8613601543
52.875	1.92602539	1857.609	0.8625628673
53.984	1.92333984	1858.718	0.8613601543
55.078	1.92016602	1859.812	0.8599387716
56.188	1.92773438	1860.922	0.8633282317
57.281	1.92358398	1862.015	0.8614694915
58.375	1.92333984	1863.109	0.8613601543
59.484	1.91845703	1864.218	0.8591734071
60.578	1.91308594	1865.312	0.8567679857
61.688	1.90649414	1866.422	0.8538158741
62.781	1.90307617	1867.515	0.8522851497
63.875	1.90087891	1868.609	0.8513011155
64.984	1.90795898	1869.718	0.8544718969
66.078	1.90283203	1870.812	0.8521758126
67.188	1.90771484	1871.922	0.8543625598
68.281	1.90917969	1873.015	0.855018587
69.375	1.91357422	1874.109	0.85698666
70.484	1.91064453	1875.218	0.8556746099
71.578	1.90478516	1876.312	0.8530505141
72.688	1.90820312	1877.422	0.854581234
73.781	1.90698242	1878.515	0.8540345483
74.875	1.90380859	1879.609	0.8526131611
75.984	1.91113281	1880.718	0.8558932841
77.078	1.9140625	1881.812	0.8572053342
78.188	1.90991211	1882.922	0.8553465984
79.281	1.91064453	1884.015	0.8556746099
80.375	1.90307617	1885.109	0.8522851497
81.484	1.90039062	1886.218	0.8510824367
82.578	1.90332031	1887.312	0.8523944868
83.688	1.90405273	1888.422	0.8527224982
84.781	1.9050293	1889.515	0.8531598513
85.875	1.90283203	1890.609	0.8521758126
86.984	1.90307617	1891.718	0.8522851497
88.078	1.89624023	1892.812	0.849223701
89.188	1.89892578	1893.922	0.8504264139
90.281	1.90161133	1895.015	0.8516291269
91.375	1.90234375	1896.109	0.8519571383
92.484	1.90234375	1897.218	0.8519571383
93.578	1.89477539	1898.312	0.8485676782
94.688	1.90283203	1899.422	0.8521758126
95.781	1.89868164	1900.515	0.8503170768
96.875	1.90234375	1901.609	0.8519571383
97.984	1.90014648	1902.718	0.8509730996
99.078	1.89404297	1903.812	0.8482396667
100.188	1.89428711	1904.922	0.8483490039
101.281	1.88696289	1906.015	0.8450688809
102.375	1.89599609	1907.109	0.8491143638
103.484	1.89819336	1908.218	0.8500984025
104.578	1.88916016	1909.312	0.8460529196
105.688	1.89208984	1910.422	0.8473649652
106.781	1.89477539	1911.515	0.8485676782
107.875	1.88525391	1912.609	0.8443035209
108.984	1.8840332	1913.718	0.8437568308
110.078	1.88134766	1914.812	0.8425541223
111.188	1.8762207	1915.922	0.8402580335
112.281	1.87719727	1917.015	0.8406953865
113.375	1.8828125	1918.109	0.8432101451
114.484	1.8828125	1919.218	0.8432101451
115.578	1.8828125	1920.312	0.8432101451
116.688	1.88085938	1921.422	0.842335448
117.781	1.87915039	1922.515	0.8415700836
118.875	1.87475586	1923.609	0.8396020107
119.984	1.87231445	1924.718	0.8385086348
121.078	1.87719727	1925.812	0.8406953865
			0
0.109	1.44262695	1925.921	0.6460747843
1.218	1.43310547	1927.03	0.6418106271
2.312	1.42651367	1928.124	0.6388585155
3.422	1.42529297	1929.234	0.6383118298
4.515	1.43188477	1930.327	0.6412639414
5.609	1.42553711	1931.421	0.6384211669
6.718	1.40454102	1932.53	0.6290181509
7.812	1.40405273	1933.624	0.6287994722
8.922	1.39086914	1934.734	0.6228952534
10.015	1.39453125	1935.827	0.6245353149
11.109	1.38623047	1936.921	0.6208178434
12.218	1.3918457	1938.03	0.623332602
13.312	1.38769531	1939.124	0.6214738662
14.422	1.38623047	1940.234	0.6208178434
15.515	1.38452148	1941.327	0.620052479
16.609	1.38623047	1942.421	0.6208178434
17.718	1.37524414	1943.53	0.6158976589
18.812	1.37109375	1944.624	0.6140389231
19.922	1.3671875	1945.734	0.6122895244
21.015	1.35009766	1946.827	0.6046359071
22.109	1.33935547	1947.921	0.5998250597
23.218	1.34057617	1949.03	0.6003717454
24.312	1.33935547	1950.124	0.5998250597
25.422	1.35595703	1951.234	0.6072600028
26.515	1.35571289	1952.327	0.6071506657
27.609	1.34619141	1953.421	0.6028865084
28.718	1.34521484	1954.53	0.6024491554
29.812	1.34619141	1955.624	0.6028865084
30.922	1.34350586	1956.734	0.6016837955
32.015	1.34179688	1957.827	0.6009184355
33.109	1.33520508	1958.921	0.5979663239
34.218	1.33349609	1960.03	0.5972009595
35.312	1.33129883	1961.124	0.5962169253
36.422	1.33398438	1962.234	0.5974196382
37.515	1.3269043	1963.327	0.5942488524
38.609	1.31298828	1964.421	0.5880166177
39.718	1.29663086	1965.53	0.5806910118
40.812	1.2890625	1966.624	0.5773015516
41.922	1.30273438	1967.734	0.5834244491
43.015	1.30322266	1968.827	0.5836431234
44.109	1.31005859	1969.921	0.5867045676
45.218	1.31542969	1971.03	0.5891099936
46.312	1.30761719	1972.124	0.5856111963
47.422	1.30615234	1973.234	0.584955169
48.515	1.30322266	1974.327	0.5836431234
49.609	1.3046875	1975.421	0.5842991462
50.718	1.30102539	1976.53	0.5826590847
51.812	1.29736328	1977.624	0.5810190232
52.922	1.30200195	1978.734	0.5830964332
54.015	1.30493164	1979.827	0.5844084833
55.109	1.3059082	1980.921	0.5848458319
56.218	1.30273438	1982.03	0.5834244491
57.312	1.30273438	1983.124	0.5834244491
58.422	1.30224609	1984.234	0.5832057704
59.515	1.29980469	1985.327	0.582112399
60.609	1.30029297	1986.421	0.5823310733
61.718	1.29833984	1987.53	0.5814563717
62.812	1.28515625	1988.624	0.575552153
63.922	1.28027344	1989.734	0.5733654058
65.015	1.27709961	1990.827	0.5719440186
66.109	1.27319336	1991.921	0.5701946199
67.218	1.26733398	1993.03	0.5675705197
68.312	1.26049805	1994.124	0.5645090755
69.422	1.25561523	1995.234	0.5623223238
70.515	1.24853516	1996.327	0.5591515424
71.609	1.25585938	1997.421	0.5624316654
72.718	1.25195312	1998.53	0.5606822623
73.812	1.25341797	1999.624	0.5613382896
74.922	1.25073242	2000.734	0.5601355766
76.015	1.23999023	2001.827	0.5553247292
77.109	1.23510742	2002.921	0.553137982
78.218	1.25830078	2004.03	0.5635250368
79.312	1.23950195	2005.124	0.555106055
80.422	1.2487793	2006.234	0.5592608795
81.515	1.2487793	2007.327	0.5592608795
82.609	1.24121094	2008.421	0.5558714194
83.718	1.23535156	2009.53	0.5532473192
84.812	1.23754883	2010.624	0.5542313579
85.922	1.23168945	2011.734	0.5516072577
87.015	1.21850586	2012.827	0.5457030389
88.109	1.2265625	2013.921	0.5493111734
89.218	1.23144531	2015.03	0.5514979205
90.312	1.22192383	2016.124	0.5472337633
91.422	1.22119141	2017.234	0.5469057519
92.515	1.22363281	2018.327	0.5479991233
93.609	1.23217773	2019.421	0.5518259319
94.718	1.23144531	2020.53	0.5514979205
95.812	1.2277832	2021.624	0.549857859
96.922	1.22729492	2022.734	0.5496391848
98.015	1.21801758	2023.827	0.5454843647
99.109	1.21020508	2024.921	0.5419855674
100.218	1.2043457	2026.03	0.5393614672
101.312	1.19726562	2027.124	0.5361906813
102.422	1.20239258	2028.234	0.5384867701
103.515	1.20727539	2029.327	0.5406735173
104.609	1.21166992	2030.421	0.5426415902
105.718	1.21704102	2031.53	0.5450470161
106.812	1.21264648	2032.624	0.5430789387
107.922	1.2121582	2033.734	0.5428602645
109.015	1.21313477	2034.827	0.5432976175
110.109	1.20849609	2035.921	0.541220203
111.218	1.203125	2037.03	0.5388147815
112.312	1.19555664	2038.124	0.5354253214
113.422	1.19750977	2039.234	0.5363000229
114.515	1.20068359	2040.327	0.5377214057
115.609	1.20043945	2041.421	0.5376120685
116.718	1.20214844	2042.53	0.538377433
117.812	1.20458984	2043.624	0.5394708043
118.922	1.20458984	2044.734	0.5394708043
120.015	1.20043945	2045.827	0.5376120685
