#U    I/I_0
#prvni
100	0.0044886861
200	0.0041602422
300	0.0018611614
400	0.0025180404
450	0.0058024439
500	0.0177357758
550	0.0446678834
600	0.1033492152
650	0.2068079103
700	0.3852604753
750	0.6252408565
800	0.8505509058
850	0.9696652556
900	0.9519294753
950	0.7127154574
1000	0.326579139




#druhy
150	0.0031799832
300	0.0001025798
400	0.0018464412
450	0.0062573866
500	0.019797958
550	0.0504694076
600	0.111504563
650	0.2208549454
700	0.3843676134
750	0.6347656261
800	0.8064847017
825	0.8648527773
850	0.9220924706
875	0.9381975462
900	0.9212718277
950	0.7887383487
1000	0.5043863235
