#casrel	I			castot	I/I_0
			
0.109	0.01245117	0.109	0.0055834843
1.203	0.01147461	1.203	0.005145565
2.312	0.00854492	2.312	0.0038318027
3.406	0.01000977	3.406	0.0044886861
4.5	0.00708008	4.5	0.0031749238
5.609	0.00708008	5.609	0.0031749238
6.703	0.00805664	6.703	0.003612843
7.812	0.01123047	7.812	0.0050360852
8.906	0.01000977	8.906	0.0044886861
10	0.00878906	10	0.0039412825
11.109	0.00976562	11.109	0.0043792018
12.203	0.00830078	12.203	0.0037223229
13.312	0.01147461	13.312	0.005145565
14.406	0.0090332	14.406	0.0040507623
15.5	0.00952148	15.5	0.004269722
16.609	0.00952148	16.609	0.004269722
17.703	0.00805664	17.703	0.003612843
18.812	0.01049805	18.812	0.0047076457
19.906	0.00976562	19.906	0.0043792018
21	0.01000977	21	0.0044886861
22.109	0.00854492	22.109	0.0038318027
23.203	0.00952148	23.203	0.004269722
24.312	0.00854492	24.312	0.0038318027
25.406	0.00878906	25.406	0.0039412825
26.5	0.00952148	26.5	0.004269722
27.609	0.01000977	27.609	0.0044886861
28.703	0.00854492	28.703	0.0038318027
29.812	0.0078125	29.812	0.0035033632
30.906	0.01025391	30.906	0.0045981659
32	0.01000977	32	0.0044886861
33.109	0.0090332	33.109	0.0040507623
34.203	0.00854492	34.203	0.0038318027
35.312	0.0090332	35.312	0.0040507623
36.406	0.00732422	36.406	0.0032844036
37.5	0.0090332	37.5	0.0040507623
38.609	0.01000977	38.609	0.0044886861
39.703	0.0090332	39.703	0.0040507623
40.812	0.01049805	40.812	0.0047076457
41.906	0.0090332	41.906	0.0040507623
43	0.00878906	43	0.0039412825
44.109	0.00927734	44.109	0.0041602422
45.203	0.00854492	45.203	0.0038318027
46.312	0.00805664	46.312	0.003612843
47.406	0.00976562	47.406	0.0043792018
48.5	0.00927734	48.5	0.0041602422
49.609	0.00927734	49.609	0.0041602422
50.703	0.00952148	50.703	0.004269722
51.812	0.00854492	51.812	0.0038318027
52.906	0.00708008	52.906	0.0031749238
54	0.01025391	54	0.0045981659
55.109	0.00805664	55.109	0.003612843
56.203	0.00830078	56.203	0.0037223229
57.312	0.00976562	57.312	0.0043792018
58.406	0.00708008	58.406	0.0031749238
59.5	0.01000977	59.5	0.0044886861
60.609	0.00976562	60.609	0.0043792018
61.703	0.00927734	61.703	0.0041602422
62.812	0.01000977	62.812	0.0044886861
			0
0.11	0.00756836	62.922	0.0033938834
1.188	0.0065918	64	0.0029559641
2.297	0.00878906	65.109	0.0039412825
3.391	0.0065918	66.203	0.0029559641
4.5	0.00854492	67.312	0.0038318027
5.594	0.00927734	68.406	0.0041602422
6.688	0.00927734	69.5	0.0041602422
7.797	0.0065918	70.609	0.0029559641
8.891	0.00756836	71.703	0.0033938834
10	0.00830078	72.812	0.0037223229
11.094	0.0078125	73.906	0.0035033632
12.188	0.00878906	75	0.0039412825
13.297	0.00732422	76.109	0.0032844036
14.391	0.00927734	77.203	0.0041602422
15.5	0.00756836	78.312	0.0033938834
16.594	0.00878906	79.406	0.0039412825
17.688	0.01000977	80.5	0.0044886861
18.797	0.00610352	81.609	0.0027370045
19.891	0.00854492	82.703	0.0038318027
20.985	0.00952148	83.797	0.004269722
22.094	0.00830078	84.906	0.0037223229
23.188	0.00756836	86	0.0033938834
24.297	0.00708008	87.109	0.0031749238
25.391	0.00708008	88.203	0.0031749238
26.485	0.00732422	89.297	0.0032844036
27.594	0.00830078	90.406	0.0037223229
28.688	0.0078125	91.5	0.0035033632
29.797	0.00830078	92.609	0.0037223229
30.891	0.00805664	93.703	0.003612843
31.985	0.0078125	94.797	0.0035033632
33.094	0.00854492	95.906	0.0038318027
34.188	0.00756836	97	0.0033938834
35.297	0.00805664	98.109	0.003612843
36.391	0.00561523	99.203	0.0025180404
37.485	0.00805664	100.297	0.003612843
38.594	0.00756836	101.406	0.0033938834
39.688	0.00683594	102.5	0.0030654439
40.797	0.00708008	103.609	0.0031749238
41.891	0.0090332	104.703	0.0040507623
42.985	0.0078125	105.797	0.0035033632
44.094	0.0078125	106.906	0.0035033632
46	0.00512695	108.812	0.0022990807
47.094	0.00561523	109.906	0.0025180404
48.188	0.00830078	111	0.0037223229
49.297	0.00805664	112.109	0.003612843
50.391	0.00830078	113.203	0.0037223229
51.485	0.01000977	114.297	0.0044886861
52.594	0.00537109	115.406	0.0024085605
53.688	0.00830078	116.5	0.0037223229
54.797	0.00805664	117.609	0.003612843
55.891	0.0065918	118.703	0.0029559641
56.985	0.0078125	119.797	0.0035033632
58.094	0.00878906	120.906	0.0039412825
59.188	0.00610352	122	0.0027370045
60.297	0.00927734	123.109	0.0041602422
			0
0.11	0.00292969	123.219	0.0013137623
1.188	0.00146484	124.297	0.0006568789
2.297	0.00463867	125.406	0.0020801211
3.391	0.00439453	126.5	0.0019706413
4.5	0.00317383	127.609	0.0014232422
5.594	0.00244141	128.703	0.0010948027
6.688	0.00366211	129.797	0.0016422018
7.797	0.00195312	130.906	0.0008758386
8.891	0.00366211	132	0.0016422018
10	0.00244141	133.109	0.0010948027
11.094	0.00268555	134.203	0.0012042825
12.188	0.00366211	135.297	0.0016422018
13.297	0.00317383	136.406	0.0014232422
14.391	0.00292969	137.5	0.0013137623
15.5	0.0012207	138.609	0.0005473991
16.594	0.00366211	139.703	0.0016422018
17.703	0.00390625	140.812	0.0017516816
18.797	0.00390625	141.906	0.0017516816
19.891	0.00390625	143	0.0017516816
21	0.00195312	144.109	0.0008758386
22.094	0.00610352	145.203	0.0027370045
23.203	0.00463867	146.312	0.0020801211
24.297	0.00268555	147.406	0.0012042825
25.391	0.00292969	148.5	0.0013137623
26.5	0.00195312	149.609	0.0008758386
27.594	0.00439453	150.703	0.0019706413
28.703	0.00219727	151.812	0.0009853229
29.797	0.00244141	152.906	0.0010948027
30.891	0.00415039	154	0.0018611614
32	0.00366211	155.109	0.0016422018
33.094	0.00488281	156.203	0.0021896009
34.203	0.00390625	157.312	0.0017516816
35.297	0.00292969	158.406	0.0013137623
36.391	0.00292969	159.5	0.0013137623
37.5	0.00292969	160.609	0.0013137623
38.594	0.00463867	161.703	0.0020801211
39.688	0.00268555	162.797	0.0012042825
40.797	0.00317383	163.906	0.0014232422
41.891	0.00390625	165	0.0017516816
43	0.00537109	166.109	0.0024085605
44.094	0.00366211	167.203	0.0016422018
45.188	0.00390625	168.297	0.0017516816
46.297	0.00244141	169.406	0.0010948027
47.391	0.00195312	170.5	0.0008758386
48.5	0.00292969	171.609	0.0013137623
49.594	0.00415039	172.703	0.0018611614
50.688	0.00366211	173.797	0.0016422018
51.797	0.00415039	174.906	0.0018611614
52.891	0.00415039	176	0.0018611614
54	0.00195312	177.109	0.0008758386
55.094	0.00341797	178.203	0.001532722
56.188	0.00244141	179.297	0.0010948027
57.297	0.00317383	180.406	0.0014232422
58.391	0.00463867	181.5	0.0020801211
59.5	0.00195312	182.609	0.0008758386
60.594	0.00415039	183.703	0.0018611614
			0
0.11	0.00244141	183.813	0.0010948027
1.188	0.00341797	184.891	0.001532722
2.282	0.00195312	185.985	0.0008758386
3.391	0.00195312	187.094	0.0008758386
4.485	0.00170898	188.188	0.0007663587
5.594	0.00366211	189.297	0.0016422018
6.688	0.00341797	190.391	0.001532722
7.782	0.00415039	191.485	0.0018611614
8.891	0.00292969	192.594	0.0013137623
9.985	0.00415039	193.688	0.0018611614
11.094	0.00292969	194.797	0.0013137623
12.188	0.0012207	195.891	0.0005473991
13.282	0.00341797	196.985	0.001532722
14.391	0.00366211	198.094	0.0016422018
15.485	0.00268555	199.188	0.0012042825
16.594	0.00195312	200.297	0.0008758386
17.688	0.00390625	201.391	0.0017516816
18.782	0.00292969	202.485	0.0013137623
19.891	0.00415039	203.594	0.0018611614
20.985	0.0012207	204.688	0.0005473991
22.094	0.00292969	205.797	0.0013137623
23.188	0.00488281	206.891	0.0021896009
24.282	0.00219727	207.985	0.0009853229
25.391	0.00390625	209.094	0.0017516816
26.485	0.00317383	210.188	0.0014232422
27.594	0.00390625	211.297	0.0017516816
28.688	0.00488281	212.391	0.0021896009
29.782	0.00219727	213.485	0.0009853229
30.891	0.00195312	214.594	0.0008758386
31.985	0.00561523	215.688	0.0025180404
33.094	0.00537109	216.797	0.0024085605
34.188	0.00292969	217.891	0.0013137623
35.282	0.00439453	218.985	0.0019706413
36.391	0.00341797	220.094	0.001532722
37.485	0.00366211	221.188	0.0016422018
38.594	0.00390625	222.297	0.0017516816
39.688	0.00341797	223.391	0.001532722
40.782	0.00268555	224.485	0.0012042825
41.891	0.00390625	225.594	0.0017516816
42.985	0.00195312	226.688	0.0008758386
44.094	0.00219727	227.797	0.0009853229
45.188	0.00195312	228.891	0.0008758386
46.282	0.00439453	229.985	0.0019706413
47.391	0.00439453	231.094	0.0019706413
48.485	0.00390625	232.188	0.0017516816
49.594	0.00415039	233.297	0.0018611614
50.688	0.00341797	234.391	0.001532722
51.782	0.00366211	235.485	0.0016422018
52.891	0.00292969	236.594	0.0013137623
53.985	0.00512695	237.688	0.0022990807
55.094	0.00415039	238.797	0.0018611614
56.188	0.00463867	239.891	0.0020801211
57.297	0.00390625	241	0.0017516816
58.391	0.00390625	242.094	0.0017516816
59.485	0.00366211	243.188	0.0016422018
60.594	0.00561523	244.297	0.0025180404
			0
0.11	0.01269531	244.407	0.0056929641
1.188	0.01123047	245.485	0.0050360852
2.297	0.01147461	246.594	0.005145565
3.391	0.01049805	247.688	0.0047076457
4.485	0.01220703	248.782	0.0054740045
5.594	0.01171875	249.891	0.0052550448
6.688	0.01220703	250.985	0.0054740045
7.797	0.01049805	252.094	0.0047076457
8.891	0.01098633	253.188	0.0049266054
9.985	0.01416016	254.282	0.0063498475
11.094	0.01269531	255.391	0.0056929641
12.188	0.01147461	256.485	0.005145565
13.297	0.01220703	257.594	0.0054740045
14.391	0.01342773	258.688	0.0060214036
15.485	0.01196289	259.782	0.0053645247
16.594	0.01098633	260.891	0.0049266054
17.688	0.01269531	261.985	0.0056929641
18.797	0.01245117	263.094	0.0055834843
19.891	0.01293945	264.188	0.0058024439
20.985	0.01293945	265.282	0.0058024439
22.094	0.01098633	266.391	0.0049266054
23.188	0.01220703	267.485	0.0054740045
24.297	0.01147461	268.594	0.005145565
25.391	0.01220703	269.688	0.0054740045
26.485	0.01196289	270.782	0.0053645247
27.594	0.01196289	271.891	0.0053645247
28.688	0.01123047	272.985	0.0050360852
29.797	0.01171875	274.094	0.0052550448
30.891	0.01391602	275.188	0.0062403677
31.985	0.01220703	276.282	0.0054740045
33.094	0.01245117	277.391	0.0055834843
34.188	0.01220703	278.485	0.0054740045
35.297	0.01049805	279.594	0.0047076457
36.391	0.01416016	280.688	0.0063498475
37.485	0.01342773	281.782	0.0060214036
38.594	0.00976562	282.891	0.0043792018
39.688	0.01367188	283.985	0.0061308879
40.797	0.01147461	285.094	0.005145565
41.891	0.01245117	286.188	0.0055834843
42.985	0.01269531	287.282	0.0056929641
44.094	0.01171875	288.391	0.0052550448
45.188	0.01171875	289.485	0.0052550448
46.297	0.01293945	290.594	0.0058024439
47.391	0.01293945	291.688	0.0058024439
48.485	0.01220703	292.782	0.0054740045
49.594	0.01318359	293.891	0.0059119238
50.688	0.01293945	294.985	0.0058024439
51.797	0.01098633	296.094	0.0049266054
52.891	0.01318359	297.188	0.0059119238
53.985	0.01123047	298.282	0.0050360852
55.094	0.01123047	299.391	0.0050360852
56.188	0.01074219	300.485	0.0048171256
57.297	0.01416016	301.594	0.0063498475
58.391	0.01245117	302.688	0.0055834843
59.5	0.01293945	303.797	0.0058024439
60.594	0.01293945	304.891	0.0058024439
			0
0.11	0.03491211	305.001	0.0156556547
1.188	0.03515625	306.079	0.0157651345
2.297	0.03466797	307.188	0.0155461749
3.391	0.03540039	308.282	0.0158746143
4.485	0.03662109	309.376	0.0164220135
5.594	0.03637695	310.485	0.0163125336
6.688	0.03710938	311.579	0.0166409776
7.797	0.03515625	312.688	0.0157651345
8.891	0.03588867	313.782	0.016093574
9.985	0.03491211	314.876	0.0156556547
11.094	0.03588867	315.985	0.016093574
12.188	0.03417969	317.079	0.0153272152
13.297	0.03735352	318.188	0.0167504574
14.391	0.03637695	319.282	0.0163125336
15.485	0.03515625	320.376	0.0157651345
16.594	0.03613281	321.485	0.0162030538
17.688	0.03564453	322.579	0.0159840942
18.797	0.03540039	323.688	0.0158746143
19.891	0.03417969	324.782	0.0153272152
20.985	0.03833008	325.876	0.0171883767
22.094	0.03491211	326.985	0.0156556547
23.188	0.03686523	328.079	0.0165314933
24.297	0.03686523	329.188	0.0165314933
25.391	0.03637695	330.282	0.0163125336
26.485	0.03540039	331.376	0.0158746143
27.594	0.03515625	332.485	0.0157651345
28.688	0.03613281	333.579	0.0162030538
29.797	0.03637695	334.688	0.0163125336
30.891	0.03564453	335.782	0.0159840942
31.985	0.03515625	336.876	0.0157651345
33.094	0.03637695	337.985	0.0163125336
34.188	0.03710938	339.079	0.0166409776
35.297	0.03637695	340.188	0.0163125336
36.391	0.03662109	341.282	0.0164220135
37.485	0.03613281	342.376	0.0162030538
38.594	0.03710938	343.485	0.0166409776
39.688	0.03662109	344.579	0.0164220135
40.797	0.03613281	345.688	0.0162030538
41.891	0.0378418	346.782	0.016969417
42.985	0.03808594	347.876	0.0170788969
44.094	0.03613281	348.985	0.0162030538
45.188	0.0378418	350.079	0.016969417
46.297	0.03637695	351.188	0.0163125336
47.391	0.03662109	352.282	0.0164220135
48.485	0.03833008	353.376	0.0171883767
49.594	0.03735352	354.485	0.0167504574
50.688	0.03930664	355.579	0.017626296
51.797	0.03833008	356.688	0.0171883767
52.891	0.03710938	357.782	0.0166409776
53.985	0.0378418	358.876	0.016969417
55.094	0.03588867	359.985	0.016093574
56.188	0.0378418	361.079	0.016969417
57.297	0.03833008	362.188	0.0171883767
58.391	0.03759766	363.282	0.0168599372
59.485	0.03881836	364.376	0.0174073363
60.594	0.03955078	365.485	0.0177357758
			0
0.11	0.09228516	365.595	0.0413834798
1.188	0.09082031	366.673	0.0407265964
2.297	0.09179688	367.782	0.0411645202
3.391	0.09130859	368.876	0.0409455561
4.485	0.09008789	369.97	0.040398157
5.594	0.09008789	371.079	0.040398157
6.688	0.09423828	372.173	0.0422593184
7.797	0.09350586	373.282	0.0419308789
8.891	0.09130859	374.376	0.0409455561
9.985	0.09423828	375.47	0.0422593184
11.094	0.09423828	376.579	0.0422593184
12.188	0.09521484	377.673	0.0426972377
13.297	0.09521484	378.782	0.0426972377
14.391	0.09375	379.876	0.0420403587
15.485	0.09399414	380.97	0.0421498386
16.594	0.09301758	382.079	0.0417119193
17.688	0.0925293	383.173	0.0414929596
18.797	0.0925293	384.282	0.0414929596
19.891	0.09423828	385.376	0.0422593184
20.985	0.09472656	386.47	0.042478278
22.094	0.09375	387.579	0.0420403587
23.188	0.09521484	388.673	0.0426972377
24.297	0.09594727	389.782	0.0430256816
25.391	0.09692383	390.876	0.0434636009
26.485	0.09594727	391.97	0.0430256816
27.594	0.09765625	393.079	0.0437920404
28.688	0.09619141	394.173	0.0431351614
29.797	0.09985352	395.282	0.0447773632
30.891	0.09912109	396.376	0.0444489193
31.985	0.09936523	397.47	0.0445583991
33.094	0.09863281	398.579	0.0442299596
34.188	0.09765625	399.673	0.0437920404
35.297	0.0949707	400.782	0.0425877578
36.391	0.09741211	401.876	0.0436825605
37.485	0.09765625	402.97	0.0437920404
38.594	0.09741211	404.079	0.0436825605
39.688	0.09741211	405.173	0.0436825605
40.797	0.10083008	406.282	0.0452152825
41.891	0.09912109	407.376	0.0444489193
42.985	0.09960938	408.47	0.0446678834
44.094	0.09912109	409.579	0.0444489193
45.188	0.10107422	410.673	0.0453247623
46.297	0.09863281	411.782	0.0442299596
47.391	0.10009766	412.876	0.044886843
48.485	0.10131836	413.97	0.0454342422
49.594	0.10253906	415.079	0.0459816413
50.688	0.1015625	416.173	0.045543722
51.797	0.10205078	417.282	0.0457626816
52.891	0.10302734	418.376	0.0462006009
53.985	0.10083008	419.47	0.0452152825
55.094	0.10302734	420.579	0.0462006009
56.188	0.10229492	421.673	0.0458721614
57.297	0.10107422	422.782	0.0453247623
58.391	0.09912109	423.876	0.0444489193
59.485	0.09912109	424.97	0.0444489193
60.594	0.09960938	426.079	0.0446678834
			0
0.109	0.19775391	426.188	0.0886788834
1.187	0.20043945	427.266	0.0898831614
2.281	0.20068359	428.36	0.0899926413
3.39	0.20117188	429.469	0.0902116054
4.484	0.19848633	430.563	0.0890073229
5.578	0.2019043	431.657	0.0905400448
6.687	0.20019531	432.766	0.0897736816
7.781	0.20239258	433.86	0.0907590045
8.875	0.20458984	434.954	0.0917443229
9.984	0.20629883	436.063	0.0925106861
11.078	0.20629883	437.157	0.0925106861
12.187	0.20922852	438.266	0.0938244484
13.281	0.21044922	439.36	0.0943718475
14.375	0.20898438	440.454	0.0937149686
15.484	0.21069336	441.563	0.0944813274
16.578	0.20922852	442.657	0.0938244484
17.687	0.21142578	443.766	0.0948097668
18.781	0.21240234	444.86	0.0952476861
19.875	0.21240234	445.954	0.0952476861
20.984	0.21411133	447.063	0.0960140493
22.078	0.21240234	448.157	0.0952476861
23.187	0.21337891	449.266	0.0956856099
24.281	0.21313477	450.36	0.09557613
25.375	0.21679688	451.454	0.0972183318
26.484	0.21679688	452.563	0.0972183318
27.578	0.21777344	453.657	0.0976562511
28.687	0.21655273	454.766	0.0971088475
29.781	0.21777344	455.86	0.0976562511
30.875	0.2175293	456.954	0.0975467713
31.984	0.21606445	458.063	0.0968898879
33.078	0.2175293	459.157	0.0975467713
34.187	0.21948242	460.266	0.0984226099
35.281	0.21801758	461.36	0.0977657309
36.375	0.21948242	462.454	0.0984226099
37.484	0.22045898	463.563	0.0988605291
38.578	0.21948242	464.657	0.0984226099
39.687	0.22216797	465.766	0.0996268924
40.781	0.22265625	466.86	0.099845852
41.875	0.22485352	467.954	0.1008311749
42.984	0.2265625	469.063	0.1015975336
44.078	0.22412109	470.157	0.1005027309
45.187	0.22338867	471.266	0.1001742915
46.281	0.22485352	472.36	0.1008311749
47.375	0.22558594	473.454	0.1011596143
48.484	0.22558594	474.563	0.1011596143
49.578	0.2277832	475.657	0.1021449327
50.687	0.2265625	476.766	0.1015975336
51.781	0.2277832	477.86	0.1021449327
52.875	0.22680664	478.954	0.1017070135
53.984	0.22729492	480.063	0.1019259731
55.078	0.22436523	481.157	0.1006122108
56.187	0.2253418	482.266	0.1010501345
57.281	0.22753906	483.36	0.1020354529
58.375	0.22900391	484.454	0.1026923363
59.484	0.22875977	485.563	0.1025828565
60.578	0.23046875	486.657	0.1033492152
			0
0.11	0.39111328	486.767	0.1753871211
1.188	0.39575195	487.845	0.1774672422
2.282	0.39770508	488.939	0.1783430852
3.391	0.40063477	490.048	0.1796568475
4.485	0.40234375	491.142	0.1804232063
5.594	0.40551758	492.251	0.1818464484
6.688	0.40771484	493.345	0.1828317668
7.782	0.41381836	494.439	0.1855687713
8.891	0.41601562	495.548	0.1865540897
9.985	0.41796875	496.642	0.1874299327
11.094	0.42163086	497.751	0.1890721345
12.188	0.41943359	498.845	0.1880868117
13.297	0.42016602	499.954	0.1884152556
14.391	0.41748047	501.048	0.1872109731
15.485	0.41918945	502.142	0.1879773318
16.594	0.42724609	503.251	0.1915901749
17.688	0.43212891	504.345	0.1937797803
18.797	0.43359375	505.454	0.1944366592
19.891	0.43286133	506.548	0.1941082197
20.985	0.4296875	507.642	0.1926849776
22.094	0.4296875	508.751	0.1926849776
23.188	0.42993164	509.845	0.1927944574
24.297	0.43554688	510.954	0.1953125022
25.391	0.43481445	512.048	0.1949840583
26.485	0.43383789	513.142	0.194546139
27.594	0.43725586	514.251	0.196078861
28.688	0.43994141	515.345	0.1972831435
29.797	0.44042969	516.454	0.1975021031
30.891	0.43774414	517.548	0.1962978206
31.985	0.43725586	518.642	0.196078861
33.094	0.4362793	519.751	0.1956409417
34.188	0.44067383	520.845	0.197611583
35.282	0.44238281	521.939	0.1983779417
36.391	0.44287109	523.048	0.1985969013
37.485	0.44189453	524.142	0.1981589821
38.594	0.44262695	525.251	0.1984874215
39.688	0.44799805	526.345	0.2008959865
40.782	0.44873047	527.439	0.201224426
41.891	0.44873047	528.548	0.201224426
42.985	0.45263672	529.642	0.2029761076
44.094	0.4543457	530.751	0.2037424664
45.188	0.45556641	531.845	0.20428987
46.282	0.45947266	532.939	0.2060415516
47.391	0.45654297	534.048	0.2047277892
48.485	0.45483398	535.142	0.203961426
49.594	0.45654297	536.251	0.2047277892
50.688	0.45629883	537.345	0.2046183094
51.782	0.45678711	538.439	0.2048372691
52.891	0.45629883	539.548	0.2046183094
53.985	0.45703125	540.642	0.2049467489
55.094	0.45800781	541.751	0.2053846682
56.188	0.46166992	542.845	0.20702687
57.282	0.45996094	543.939	0.2062605112
58.391	0.45898438	545.048	0.2058225919
59.485	0.4621582	546.142	0.2072458296
60.594	0.46118164	547.251	0.2068079103
			0
0.109	0.71801758	547.36	0.3219809776
1.203	0.72631836	548.454	0.3257033004
2.297	0.73291016	549.548	0.3286592646
3.406	0.74438477	550.657	0.3338048296
4.5	0.75048828	551.751	0.3365418296
5.594	0.75317383	552.845	0.3377461121
6.703	0.75878906	553.954	0.3402641525
7.797	0.765625	555.048	0.3433295964
8.906	0.77099609	556.157	0.345738157
10	0.77734375	557.251	0.3485846413
11.094	0.77929688	558.345	0.3494604843
12.203	0.78417969	559.454	0.3516500852
13.297	0.78320312	560.548	0.3512121614
14.406	0.78295898	561.657	0.3511026816
15.5	0.78808594	562.751	0.3534017668
16.594	0.79101562	563.845	0.3547155247
17.703	0.78930664	564.954	0.3539491659
18.797	0.7878418	566.048	0.353292287
19.906	0.78955078	567.157	0.3540586457
21	0.79516602	568.251	0.3565766906
22.094	0.79736328	569.345	0.357562009
23.203	0.7980957	570.454	0.3578904484
24.297	0.80273438	571.548	0.359970574
25.406	0.80664062	572.657	0.3617222511
26.5	0.81005859	573.751	0.3632549731
27.594	0.81323242	574.845	0.3646782152
28.703	0.81030273	575.954	0.3633644529
29.797	0.81201172	577.048	0.3641308161
30.906	0.8125	578.157	0.3643497758
32	0.8190918	579.251	0.3673057399
33.094	0.81982422	580.345	0.3676341794
34.203	0.82128906	581.454	0.3682910583
35.297	0.81982422	582.548	0.3676341794
36.406	0.81835938	583.657	0.3669773004
37.5	0.82202148	584.751	0.3686194978
38.609	0.82202148	585.86	0.3686194978
39.703	0.82373047	586.954	0.369385861
40.797	0.82373047	588.048	0.369385861
41.906	0.82617188	589.157	0.3704806637
43	0.82617188	590.251	0.3704806637
44.109	0.82617188	591.36	0.3704806637
45.203	0.82836914	592.454	0.3714659821
46.297	0.83618164	593.548	0.3749693453
47.406	0.84082031	594.657	0.3770494664
48.5	0.84863281	595.751	0.3805528296
49.609	0.85644531	596.86	0.3840561928
50.703	0.85766602	597.954	0.3846035964
51.797	0.85644531	599.048	0.3840561928
52.906	0.84887695	600.157	0.3806623094
54	0.84936523	601.251	0.3808812691
55.094	0.84692383	602.345	0.3797864709
56.203	0.85449219	603.454	0.3831803543
57.297	0.85205078	604.548	0.3820855516
58.406	0.84863281	605.657	0.3805528296
59.5	0.85327148	606.751	0.3826329507
60.594	0.85913086	607.845	0.3852604753
			0
0.11	1.19628906	607.955	0.5364524933
1.219	1.20361328	609.064	0.5397368969
2.313	1.21533203	610.158	0.5449919417
3.422	1.23046875	611.267	0.5517797085
4.516	1.24682617	612.361	0.5591148744
5.61	1.26196289	613.455	0.5659026413
6.719	1.2590332	614.564	0.5645888789
7.813	1.26123047	615.658	0.5655742018
8.922	1.26757812	616.767	0.5684206816
10.016	1.28051758	617.861	0.57422313
11.11	1.28686523	618.955	0.5770696099
12.219	1.29272461	620.064	0.5796971345
13.313	1.2902832	621.158	0.5786023318
14.422	1.28979492	622.267	0.5783833722
15.516	1.29760742	623.361	0.5818867354
16.61	1.3034668	624.455	0.5845142601
17.719	1.30981445	625.564	0.5873607399
18.813	1.30883789	626.658	0.5869228206
19.922	1.31518555	627.767	0.5897693049
21.016	1.3203125	628.861	0.5920683857
22.11	1.31713867	629.955	0.5906451435
23.219	1.31958008	631.064	0.5917399462
24.313	1.31933594	632.158	0.5916304664
25.422	1.31835938	633.267	0.5911925471
26.516	1.32006836	634.361	0.5919589058
27.61	1.33300781	635.455	0.5977613498
28.719	1.33789062	636.564	0.5999509507
29.813	1.34350586	637.658	0.6024689955
30.922	1.35180664	638.767	0.6061913184
32.016	1.35083008	639.861	0.6057533991
33.11	1.35229492	640.955	0.606410278
34.219	1.35253906	642.064	0.6065197578
35.313	1.35693359	643.158	0.6084903991
36.422	1.36303711	644.267	0.6112274036
37.516	1.36425781	645.361	0.6117748027
38.61	1.36572266	646.455	0.6124316861
39.719	1.36352539	647.564	0.6114463632
40.813	1.36767578	648.658	0.6133075247
41.922	1.3659668	649.767	0.6125411659
43.016	1.37426758	650.861	0.6162634888
44.11	1.3737793	651.955	0.6160445291
45.219	1.37011719	653.064	0.6144023274
46.313	1.37158203	654.158	0.6150592063
47.422	1.37451172	655.267	0.6163729686
48.516	1.37890625	656.361	0.6183436099
49.61	1.38110352	657.455	0.6193289327
50.719	1.39233398	658.564	0.6243650135
51.813	1.38671875	659.658	0.6218469731
52.922	1.39648438	660.767	0.6262261794
54.016	1.39648438	661.861	0.6262261794
55.11	1.38818359	662.955	0.622503852
56.219	1.38891602	664.064	0.622832296
57.313	1.39160156	665.158	0.624036574
58.422	1.38720703	666.267	0.6220659327
59.516	1.39526367	667.361	0.6256787758
60.61	1.39428711	668.455	0.6252408565
			0
0.094	1.76928711	668.549	0.7934022915
1.172	1.78271484	669.627	0.7994236951
2.266	1.79370117	670.721	0.8043503004
3.375	1.80126953	671.83	0.8077441839
4.469	1.80395508	672.924	0.8089484664
5.563	1.80712891	674.018	0.8103717085
6.672	1.80639648	675.127	0.8100432646
7.766	1.80883789	676.221	0.8111380673
8.875	1.8112793	677.33	0.81223287
9.969	1.80908203	678.424	0.8112475471
11.063	1.81274414	679.518	0.8128897489
12.172	1.81640625	680.627	0.8145319507
13.266	1.81738281	681.721	0.81496987
14.375	1.81762695	682.83	0.8150793498
15.469	1.82055664	683.924	0.8163931121
16.563	1.82470703	685.018	0.8182542735
17.672	1.82910156	686.127	0.8202249148
18.766	1.83740234	687.221	0.8239472377
19.875	1.83935547	688.33	0.8248230807
20.969	1.84179688	689.424	0.8259178834
22.063	1.84619141	690.518	0.8278885247
23.172	1.84838867	691.627	0.828873843
24.266	1.85009766	692.721	0.8296402063
25.375	1.84838867	693.83	0.828873843
26.469	1.85473633	694.924	0.8317203274
27.563	1.85498047	696.018	0.8318298072
28.672	1.86352539	697.127	0.8356616099
29.766	1.86767578	698.221	0.8375227713
30.875	1.86743164	699.33	0.8374132915
31.969	1.86889648	700.424	0.8380701704
33.063	1.86547852	701.518	0.8365374529
34.172	1.86914062	702.627	0.8381796502
35.266	1.8684082	703.721	0.8378512108
36.375	1.86938477	704.83	0.8382891345
37.469	1.87402344	705.924	0.8403692556
38.563	1.87255859	707.018	0.8397123722
39.672	1.87109375	708.127	0.8390554933
40.766	1.87573242	709.221	0.8411356143
41.875	1.87817383	710.33	0.842230417
42.969	1.87719727	711.424	0.8417924978
44.063	1.8828125	712.518	0.8443105381
45.172	1.88110352	713.627	0.8435441794
46.266	1.88061523	714.721	0.8433252152
47.375	1.87890625	715.83	0.8425588565
48.469	1.88208008	716.924	0.8439820987
49.563	1.88574219	718.018	0.8456243004
50.672	1.88842773	719.127	0.8468285785
51.766	1.88671875	720.221	0.8460622197
52.875	1.88647461	721.33	0.8459527399
53.969	1.88720703	722.424	0.8462811794
55.063	1.88842773	723.518	0.8468285785
56.172	1.89306641	724.627	0.848908704
57.266	1.89697266	725.721	0.8506603857
58.375	1.89331055	726.83	0.8490181839
59.469	1.89453125	727.924	0.849565583
60.563	1.89672852	729.018	0.8505509058
			0
0.11	2.13330078	729.128	0.9566371211
1.219	2.13525391	730.237	0.9575129641
2.313	2.13574219	731.331	0.9577319238
3.407	2.13793945	732.425	0.9587172422
4.516	2.13867188	733.534	0.9590456861
5.61	2.13916016	734.628	0.9592646457
6.719	2.14038086	735.737	0.9598120448
7.813	2.14208984	736.831	0.9605784036
8.922	2.14257812	737.94	0.9607973632
10.016	2.14379883	739.034	0.9613447668
11.11	2.14550781	740.128	0.9621111256
12.219	2.14794922	741.237	0.9632059283
13.313	2.14916992	742.331	0.9637533274
14.422	2.15063477	743.44	0.9644102108
15.516	2.1484375	744.534	0.9634248879
16.61	2.14892578	745.628	0.9636438475
17.719	2.15039062	746.737	0.9643007265
18.813	2.15014648	747.831	0.9641912466
19.922	2.15209961	748.94	0.9650670897
21.016	2.15063477	750.034	0.9644102108
22.11	2.15258789	751.128	0.9652860493
23.219	2.15185547	752.237	0.9649576099
24.313	2.1550293	753.331	0.966380852
25.407	2.1550293	754.425	0.966380852
26.516	2.15649414	755.534	0.9670377309
27.61	2.15722656	756.628	0.9673661704
28.719	2.1550293	757.737	0.966380852
29.813	2.15625	758.831	0.9669282511
30.907	2.15551758	759.925	0.9665998117
32.016	2.15698242	761.034	0.9672566906
33.11	2.15771484	762.128	0.96758513
34.219	2.1574707	763.237	0.9674756502
35.313	2.15576172	764.331	0.9667092915
36.407	2.15844727	765.425	0.967913574
37.516	2.1574707	766.534	0.9674756502
38.61	2.15820312	767.628	0.9678040897
39.719	2.15869141	768.737	0.9680230538
40.813	2.15576172	769.831	0.9667092915
41.907	2.15527344	770.925	0.9664903318
43.016	2.15600586	772.034	0.9668187713
44.11	2.15356445	773.128	0.9657239686
45.219	2.15454102	774.237	0.9661618924
46.313	2.1574707	775.331	0.9674756502
47.407	2.15869141	776.425	0.9680230538
48.516	2.15844727	777.534	0.967913574
49.61	2.15893555	778.628	0.9681325336
50.719	2.15869141	779.737	0.9680230538
51.813	2.15795898	780.831	0.9676946099
52.907	2.16162109	781.925	0.9693368117
54.016	2.1628418	783.034	0.9698842152
55.11	2.16308594	784.128	0.9699936951
56.219	2.16333008	785.237	0.9701031749
57.313	2.16308594	786.331	0.9699936951
58.407	2.1628418	787.425	0.9698842152
59.516	2.16430664	788.534	0.9705410942
60.61	2.16235352	789.628	0.9696652556
			0
0.11	2.16870117	789.738	0.9725117354
1.188	2.16894531	790.816	0.9726212152
2.297	2.16870117	791.925	0.9725117354
3.391	2.16748047	793.019	0.9719643363
4.5	2.16601562	794.128	0.9713074529
5.594	2.16259766	795.222	0.9697747354
6.688	2.15991211	796.316	0.9685704529
7.797	2.16113281	797.425	0.969117852
8.891	2.15649414	798.519	0.9670377309
10	2.15771484	799.628	0.96758513
11.094	2.15991211	800.722	0.9685704529
12.188	2.16162109	801.816	0.9693368117
13.297	2.15844727	802.925	0.967913574
14.391	2.15942383	804.019	0.9683514933
15.5	2.15698242	805.128	0.9672566906
16.594	2.15527344	806.222	0.9664903318
17.688	2.15625	807.316	0.9669282511
18.797	2.15380859	808.425	0.9658334484
19.891	2.15429688	809.519	0.9660524126
21	2.15234375	810.628	0.9651765695
22.094	2.15136719	811.722	0.9647386502
23.188	2.15063477	812.816	0.9644102108
24.297	2.14770508	813.925	0.9630964484
25.391	2.1472168	815.019	0.9628774888
26.5	2.14331055	816.128	0.9611258072
27.594	2.14331055	817.222	0.9611258072
28.703	2.13964844	818.331	0.9594836054
29.797	2.13720703	819.425	0.9583888027
30.891	2.13623047	820.519	0.9579508834
32	2.13110352	821.628	0.9556518027
33.094	2.1328125	822.722	0.9564181614
34.203	2.13330078	823.831	0.9566371211
35.297	2.13232422	824.925	0.9561992018
36.391	2.13256836	826.019	0.9563086816
37.5	2.13330078	827.128	0.9566371211
38.594	2.13012695	828.222	0.9552138789
39.703	2.12719727	829.331	0.9539001211
40.797	2.12939453	830.425	0.9548854395
41.891	2.12939453	831.519	0.9548854395
43	2.12866211	832.628	0.954557
44.094	2.12451172	833.722	0.9526958386
45.203	2.12304688	834.831	0.9520389596
46.297	2.12426758	835.925	0.9525863587
47.391	2.12280273	837.019	0.9519294753
48.5	2.12353516	838.128	0.9522579193
49.594	2.12255859	839.222	0.9518199955
50.703	2.12231445	840.331	0.9517105157
51.797	2.12280273	841.425	0.9519294753
52.891	2.12304688	842.519	0.9520389596
54	2.1184082	843.628	0.9499588341
55.094	2.12109375	844.722	0.9511631166
56.188	2.11962891	845.816	0.9505062377
57.297	2.11889648	846.925	0.9501777937
58.391	2.12426758	848.019	0.9525863587
59.5	2.12182617	849.128	0.9514915561
60.594	2.12280273	850.222	0.9519294753
			0
0.109	1.79150391	850.331	0.8033649821
1.203	1.77587891	851.425	0.7963582556
2.297	1.75073242	852.519	0.7850818027
3.406	1.74438477	853.628	0.7822353229
4.5	1.73876953	854.722	0.779717278
5.594	1.73461914	855.816	0.7778561166
6.703	1.75805664	856.925	0.7883662063
7.797	1.76318359	858.019	0.790665287
8.906	1.76074219	859.128	0.7895704888
10	1.76318359	860.222	0.790665287
11.094	1.75976562	861.316	0.789132565
12.203	1.75512695	862.425	0.7870524439
13.297	1.74438477	863.519	0.7822353229
14.406	1.73608398	864.628	0.7785129955
15.5	1.72998047	865.722	0.7757759955
16.594	1.72827148	866.816	0.7750096323
17.703	1.72021484	867.925	0.7713967892
18.797	1.71166992	869.019	0.7675649865
19.906	1.71337891	870.128	0.7683313498
21	1.7109375	871.222	0.7672365471
22.094	1.71069336	872.316	0.7671270673
23.203	1.7109375	873.425	0.7672365471
24.297	1.69067383	874.519	0.7581496996
25.406	1.68066406	875.628	0.7536610135
26.5	1.67358398	876.722	0.7504860897
27.594	1.6706543	877.816	0.7491723318
28.703	1.66430664	878.925	0.7463258475
29.797	1.66186523	880.019	0.7452310448
30.906	1.6574707	881.128	0.7432604036
32	1.66210938	882.222	0.7453405291
33.094	1.66015625	883.316	0.7444646861
34.203	1.64990234	884.425	0.7398665202
35.297	1.64111328	885.519	0.7359252377
36.406	1.63647461	886.628	0.7338451166
37.5	1.63964844	887.722	0.7352683587
38.594	1.63769531	888.816	0.7343925157
39.703	1.63745117	889.925	0.7342830359
40.797	1.63500977	891.019	0.7331882377
41.906	1.62646484	892.128	0.7293564305
43	1.6262207	893.222	0.7292469507
44.094	1.62255859	894.316	0.7276047489
45.203	1.61938477	895.425	0.7261815112
46.297	1.61987305	896.519	0.7264004709
47.406	1.61303711	897.628	0.7233350269
48.5	1.61157227	898.722	0.722678148
49.609	1.60449219	899.831	0.7195032242
50.703	1.60571289	900.925	0.7200506233
51.797	1.59863281	902.019	0.7168756996
52.906	1.60131836	903.128	0.7180799821
54	1.6015625	904.222	0.7181894619
55.109	1.60253906	905.331	0.7186273812
56.203	1.60009766	906.425	0.717532583
57.297	1.59887695	907.519	0.7169851794
58.406	1.59960938	908.628	0.7173136233
59.5	1.59594727	909.722	0.7156714215
60.609	1.58935547	910.831	0.7127154574
			0
0.11	1.05395508	910.941	0.4726255964
1.188	1.05175781	912.019	0.4716402735
2.297	1.02954102	913.128	0.4616775874
3.391	1.01757812	914.222	0.4563130583
4.5	0.99804688	915.331	0.4475546547
5.594	0.98974609	916.425	0.4438323274
6.688	0.98535156	917.519	0.4418616861
7.797	0.98095703	918.628	0.4398910448
8.891	0.97094727	919.722	0.4354023632
10	0.95947266	920.831	0.4302567982
11.094	0.94946289	921.925	0.4257681121
12.188	0.91821289	923.019	0.4117546592
13.297	0.90771484	924.128	0.4070470135
14.391	0.90966797	925.222	0.4079228565
15.5	0.90185547	926.331	0.4044194933
16.594	0.88989258	927.425	0.3990549686
17.688	0.88891602	928.519	0.3986170493
18.797	0.88061523	929.628	0.394894722
19.891	0.89331055	930.722	0.4005876906
21	0.88696289	931.831	0.3977412063
22.094	0.87768555	932.925	0.3935809641
23.188	0.87060547	934.019	0.3904060404
24.297	0.86547852	935.128	0.3881069596
25.391	0.84082031	936.222	0.3770494664
26.5	0.83496094	937.331	0.3744219462
27.594	0.84301758	938.425	0.3780347892
28.688	0.83569336	939.519	0.3747503857
29.797	0.84057617	940.628	0.3769399865
30.891	0.83422852	941.722	0.3740935067
32	0.81591797	942.831	0.3658824978
33.094	0.80932617	943.925	0.3629265336
34.188	0.80371094	945.019	0.3604084933
35.297	0.80200195	946.128	0.35964213
36.391	0.80517578	947.222	0.3610653722
37.5	0.80566406	948.331	0.3612843318
38.594	0.7956543	949.425	0.3567956502
39.688	0.79614258	950.519	0.3570146099
40.797	0.79003906	951.628	0.3542776054
41.891	0.78979492	952.722	0.3541681256
43	0.79052734	953.831	0.354496565
44.094	0.78173828	954.925	0.3505552825
45.188	0.78588867	956.019	0.3524164439
46.297	0.78979492	957.128	0.3541681256
47.391	0.78417969	958.222	0.3516500852
48.5	0.78808594	959.331	0.3534017668
49.594	0.78051758	960.425	0.3500078834
50.688	0.76513672	961.519	0.3431106368
51.797	0.74731445	962.628	0.3351185874
52.891	0.74414062	963.722	0.3336953453
54	0.74511719	964.831	0.3341332691
55.094	0.73925781	965.925	0.3315057444
56.188	0.734375	967.019	0.3293161435
57.297	0.73706055	968.128	0.330520426
58.391	0.73852539	969.222	0.3311773049
59.5	0.73242188	970.331	0.3284403049
60.594	0.72827148	971.425	0.326579139
